Execução Iterações Bayesian Dermatology lda.

ACC: 0.958904109589041
Confusion Matrix: 
 [[22  0  0  0  0  0]
 [ 0 12  0  2  0  0]
 [ 0  0 12  0  0  0]
 [ 0  1  0  6  0  0]
 [ 0  0  0  0 14  0]
 [ 0  0  0  0  0  4]] 

ACC: 0.9863013698630136
Confusion Matrix: 
 [[25  0  0  0  0  0]
 [ 0 12  0  1  0  0]
 [ 0  0 15  0  0  0]
 [ 0  0  0  8  0  0]
 [ 0  0  0  0  9  0]
 [ 0  0  0  0  0  3]] 

ACC: 1.0
Confusion Matrix: 
 [[24  0  0  0  0  0]
 [ 0 10  0  0  0  0]
 [ 0  0 10  0  0  0]
 [ 0  0  0 10  0  0]
 [ 0  0  0  0 15  0]
 [ 0  0  0  0  0  4]] 

ACC: 0.9863013698630136
Confusion Matrix: 
 [[18  0  0  0  0  0]
 [ 0  9  0  0  0  0]
 [ 0  0 16  0  0  0]
 [ 0  1  0 10  0  0]
 [ 0  0  0  0 14  0]
 [ 0  0  0  0  0  5]] 

ACC: 0.9452054794520548
Confusion Matrix: 
 [[25  0  0  0  0  0]
 [ 0  7  0  3  0  0]
 [ 0  0 11  0  0  0]
 [ 0  1  0  9  0  0]
 [ 0  0  0  0 13  0]
 [ 0  0  0  0  0  4]] 

ACC: 0.958904109589041
Confusion Matrix: 
 [[24  1  0  0  0  0]
 [ 0  7  0  1  0  0]
 [ 0  0 14  0  0  0]
 [ 0  1  0  8  0  0]
 [ 0  0  0  0 11  0]
 [ 0  0  0  0  0  6]] 

ACC: 0.958904109589041
Confusion Matrix: 
 [[25  1  0  0  0  0]
 [ 0 13  0  0  0  0]
 [ 0  0 10  0  1  0]
 [ 0  1  0 15  0  0]
 [ 0  0  0  0  4  0]
 [ 0  0  0  0  0  3]] 

ACC: 0.958904109589041
Confusion Matrix: 
 [[27  0  0  0  0  0]
 [ 0  9  0  1  0  0]
 [ 0  0 17  0  1  0]
 [ 0  1  0  5  0  0]
 [ 0  0  0  0  9  0]
 [ 0  0  0  0  0  3]] 

ACC: 0.9726027397260274
Confusion Matrix: 
 [[23  0  0  0  0  0]
 [ 0  9  0  1  0  0]
 [ 0  0 21  0  0  0]
 [ 0  1  0  7  0  0]
 [ 0  0  0  0  4  0]
 [ 0  0  0  0  0  7]] 

ACC: 0.9452054794520548
Confusion Matrix: 
 [[16  0  0  0  0  0]
 [ 0 14  0  2  0  0]
 [ 0  0 16  0  0  0]
 [ 0  2  0  7  0  0]
 [ 0  0  0  0 13  0]
 [ 0  0  0  0  0  3]] 

ACC: 0.9863013698630136
Confusion Matrix: 
 [[21  0  0  0  0  0]
 [ 0  7  0  0  0  0]
 [ 0  0 10  0  0  0]
 [ 0  1  0 13  0  0]
 [ 0  0  0  0 13  0]
 [ 0  0  0  0  0  8]] 

ACC: 1.0
Confusion Matrix: 
 [[25  0  0  0  0  0]
 [ 0  7  0  0  0  0]
 [ 0  0 17  0  0  0]
 [ 0  0  0  6  0  0]
 [ 0  0  0  0 11  0]
 [ 0  0  0  0  0  7]] 

ACC: 1.0
Confusion Matrix: 
 [[27  0  0  0  0  0]
 [ 0 12  0  0  0  0]
 [ 0  0  9  0  0  0]
 [ 0  0  0  7  0  0]
 [ 0  0  0  0 13  0]
 [ 0  0  0  0  0  5]] 

ACC: 0.9726027397260274
Confusion Matrix: 
 [[18  0  0  0  0  0]
 [ 0 13  0  1  0  0]
 [ 0  0 11  0  1  0]
 [ 0  0  0 10  0  0]
 [ 0  0  0  0 13  0]
 [ 0  0  0  0  0  6]] 

ACC: 0.958904109589041
Confusion Matrix: 
 [[19  0  0  0  0  0]
 [ 0 11  0  2  0  0]
 [ 0  0 15  0  0  0]
 [ 0  0  0 12  0  0]
 [ 0  0  0  0 11  0]
 [ 0  1  0  0  0  2]] 

ACC: 0.958904109589041
Confusion Matrix: 
 [[20  1  0  0  0  0]
 [ 0 15  0  2  0  0]
 [ 0  0 16  0  0  0]
 [ 0  0  0  8  0  0]
 [ 0  0  0  0  7  0]
 [ 0  0  0  0  0  4]] 

ACC: 0.9178082191780822
Confusion Matrix: 
 [[24  0  0  0  0  0]
 [ 0 14  0  1  0  0]
 [ 0  0 13  0  0  0]
 [ 0  4  0  9  0  0]
 [ 0  1  0  0  6  0]
 [ 0  0  0  0  0  1]] 

ACC: 0.958904109589041
Confusion Matrix: 
 [[24  0  0  0  0  0]
 [ 0 11  0  2  0  0]
 [ 0  0 16  0  0  0]
 [ 0  1  0  9  0  0]
 [ 0  0  0  0  7  0]
 [ 0  0  0  0  0  3]] 

ACC: 0.9863013698630136
Confusion Matrix: 
 [[20  0  0  0  0  0]
 [ 0 10  0  0  0  0]
 [ 0  0 12  0  0  0]
 [ 0  1  0 14  0  0]
 [ 0  0  0  0 12  0]
 [ 0  0  0  0  0  4]] 



Acurácia média das 20 iterações: 0.97 ± 0.02