Execução Iterações Bayesian Dermatology qda.

ACC: 0.9178082191780822
Confusion Matrix: 
 [[23  0  0  0  0  0]
 [ 0 11  0  6  0  0]
 [ 0  0 13  0  0  0]
 [ 0  0  0  7  0  0]
 [ 0  0  0  0  8  0]
 [ 0  0  0  0  0  5]] 

ACC: 0.9041095890410958
Confusion Matrix: 
 [[23  0  0  0  0  0]
 [ 0  7  1  4  0  0]
 [ 0  0 12  0  0  0]
 [ 0  0  0 10  0  0]
 [ 0  0  0  0 13  0]
 [ 0  2  0  0  0  1]] 

ACC: 0.9315068493150684
Confusion Matrix: 
 [[19  0  0  0  0  0]
 [ 0 12  1  3  0  0]
 [ 0  0 10  0  0  0]
 [ 0  0  0 12  0  0]
 [ 0  0  0  0 13  0]
 [ 1  0  0  0  0  2]] 

ACC: 0.8904109589041096
Confusion Matrix: 
 [[27  0  0  0  0  0]
 [ 0  8  0  6  0  0]
 [ 0  0  8  0  0  0]
 [ 0  0  0  9  0  0]
 [ 0  0  0  0 12  0]
 [ 0  2  0  0  0  1]] 

ACC: 0.9178082191780822
Confusion Matrix: 
 [[30  0  0  0  0  0]
 [ 0  9  0  4  0  0]
 [ 0  0 10  0  0  0]
 [ 0  0  0  5  0  0]
 [ 0  0  0  0 13  0]
 [ 0  2  0  0  0  0]] 

ACC: 0.9178082191780822
Confusion Matrix: 
 [[18  0  0  0  0  0]
 [ 0 10  0  2  0  0]
 [ 0  0 20  0  0  0]
 [ 0  0  0  8  0  0]
 [ 0  0  0  0 10  0]
 [ 0  4  0  0  0  1]] 

ACC: 0.9315068493150684
Confusion Matrix: 
 [[20  0  0  0  0  0]
 [ 0 10  0  4  0  0]
 [ 0  0 19  0  0  0]
 [ 0  0  0  7  0  0]
 [ 0  0  0  0  9  0]
 [ 1  0  0  0  0  3]] 

ACC: 0.958904109589041
Confusion Matrix: 
 [[19  0  0  0  0  0]
 [ 0 10  0  0  0  0]
 [ 0  0 17  0  0  0]
 [ 0  0  0 16  0  0]
 [ 0  0  0  0  8  0]
 [ 0  3  0  0  0  0]] 

ACC: 0.8493150684931506
Confusion Matrix: 
 [[18  0  0  0  0  0]
 [ 0  7  1  5  0  0]
 [ 0  0 18  0  0  0]
 [ 0  0  0 10  0  0]
 [ 0  1  0  0  8  0]
 [ 1  3  0  0  0  1]] 

ACC: 0.8904109589041096
Confusion Matrix: 
 [[23  0  0  0  0  0]
 [ 0  8  1  2  0  0]
 [ 0  0 16  0  0  0]
 [ 1  0  0  8  0  0]
 [ 0  0  0  0 10  0]
 [ 0  4  0  0  0  0]] 

ACC: 0.8767123287671232
Confusion Matrix: 
 [[21  0  0  0  0  0]
 [ 0 10  1  2  1  0]
 [ 0  0 10  0  0  0]
 [ 0  0  0  9  0  0]
 [ 0  1  0  0 14  0]
 [ 0  4  0  0  0  0]] 

ACC: 0.9178082191780822
Confusion Matrix: 
 [[21  0  0  0  0  0]
 [ 0  9  0  2  0  0]
 [ 0  0 14  0  0  0]
 [ 0  0  0 11  0  0]
 [ 0  0  0  0 12  0]
 [ 0  4  0  0  0  0]] 

ACC: 0.9452054794520548
Confusion Matrix: 
 [[20  0  0  0  0  0]
 [ 0  9  0  3  0  0]
 [ 0  0 14  0  0  0]
 [ 0  0  0 11  0  0]
 [ 0  0  0  0  9  0]
 [ 0  1  0  0  0  6]] 

ACC: 0.8904109589041096
Confusion Matrix: 
 [[23  0  0  0  0  0]
 [ 0  8  1  2  0  0]
 [ 0  0 15  0  0  0]
 [ 0  0  0  8  0  0]
 [ 0  0  0  0 11  0]
 [ 1  4  0  0  0  0]] 

ACC: 0.9178082191780822
Confusion Matrix: 
 [[25  0  0  0  0  0]
 [ 0  7  1  1  0  0]
 [ 0  0 14  0  0  0]
 [ 0  0  0  6  0  0]
 [ 0  0  0  0 15  0]
 [ 0  4  0  0  0  0]] 

ACC: 0.863013698630137
Confusion Matrix: 
 [[22  0  0  0  0  0]
 [ 0  7  0  5  0  0]
 [ 0  0 12  0  0  0]
 [ 0  0  0 12  0  0]
 [ 0  0  0  0 10  0]
 [ 0  5  0  0  0  0]] 

ACC: 0.9863013698630136
Confusion Matrix: 
 [[19  0  0  0  0  0]
 [ 0  5  0  0  0  0]
 [ 0  0 17  0  0  0]
 [ 0  1  0 11  0  0]
 [ 0  0  0  0 15  0]
 [ 0  0  0  0  0  5]] 

ACC: 0.8767123287671232
Confusion Matrix: 
 [[23  0  0  0  0  0]
 [ 0  5  1  4  0  0]
 [ 0  0 16  0  0  0]
 [ 0  0  0 10  0  0]
 [ 0  0  0  0 10  0]
 [ 0  4  0  0  0  0]] 

ACC: 0.9315068493150684
Confusion Matrix: 
 [[21  0  0  0  0  0]
 [ 0  8  0  3  0  0]
 [ 0  0 15  0  0  0]
 [ 0  0  0  7  0  0]
 [ 0  0  0  0 16  0]
 [ 1  1  0  0  0  1]] 

ACC: 0.958904109589041
Confusion Matrix: 
 [[24  0  0  0  0  0]
 [ 0 10  0  1  0  0]
 [ 0  0 16  0  0  0]
 [ 0  0  0  8  0  0]
 [ 0  0  0  0  9  0]
 [ 1  1  0  0  0  3]] 


Acurácia média das 20 iterações: 0.91 ± 0.03