Dados de Treino. K usado: 14

[[0.63001543 0.55484101 0.63200286 0.49592819 0.50790408 0.14823091]
 [0.27748843 0.4558771  0.33649544 0.20895799 0.59974191 0.03040037]
 [0.5474537  0.65094677 0.39600859 0.36683324 0.4369287  0.03989758]
 ...
 [0.17428627 0.14397999 0.28736352 0.27151582 0.41456071 0.12539572]
 [0.58449074 0.76080743 0.49418292 0.34554877 0.74556404 0.28379888]
 [0.56857639 0.4933905  0.69563272 0.46881362 0.41918486 0.11426909]]
Dados de Teste. K usado: 14

[[0.39429012 0.35423365 0.46670843 0.37368129 0.3294978  0.10486499]
 [0.08198302 0.25116113 0.25953105 0.12742921 0.57973976 0.01624767]
 [0.20891204 0.30796713 0.35797387 0.2197853  0.59479514 0.02481378]
 [0.47743056 0.4624866  0.44880974 0.39737183 0.27766426 0.18763966]
 [0.4927662  0.41604144 0.32020762 0.43614659 0.43671363 0.11836592]
 [0.04427083 0.3554841  0.19599069 0.03720155 0.77782557 0.02106611]
 [0.37287809 0.38799571 0.40128871 0.33564686 0.44735993 0.07558194]
 [0.51437114 0.59449804 0.50698049 0.36433463 0.521669   0.16936685]
 [0.18123071 0.42854591 0.123322   0.13066815 0.51510915 0.03871043]
 [0.28636188 0.6323687  0.30150349 0.12613363 0.57242714 0.03228585]
 [0.18422068 0.27224009 0.24682298 0.214603   0.52123884 0.02623371]
 [0.52006173 0.97570561 0.34365491 0.17249676 0.4369287  0.18340317]
 [0.46566358 0.85941408 0.12260605 0.18054784 0.40724809 0.03738361]
 [0.36439043 0.47374062 0.2342939  0.28308347 0.46230778 0.        ]
 [0.52729552 0.46070025 0.42634688 0.44614103 0.20851704 0.12856145]
 [0.11332948 0.19703466 0.0958475  0.18554507 0.94386493 0.10398045]
 [0.55217978 0.72990354 0.57651691 0.3305571  0.43434778 0.14136406]
 [0.35609568 0.55305466 0.35797387 0.23403665 0.39079471 0.06247672]
 [0.14014275 0.28045731 0.15231788 0.16805478 0.74244542 0.01990223]
 [0.36766975 0.34047874 0.48952926 0.35535813 0.27067427 0.11748138]
 [0.27584877 0.29117542 0.30427779 0.29270775 0.5695236  0.04492551]
 [0.57764275 0.80921758 0.30311437 0.31389969 0.55930745 0.1700419 ]
 [0.29330633 0.27706324 0.3452658  0.31676846 0.30863534 0.14376164]
 [0.38715278 0.58735263 0.29980311 0.246067   0.54995161 0.02388268]
 [0.2734375  0.2388353  0.29532844 0.31750879 0.44854285 0.01547952]
 [0.4916088  0.65916399 0.56810453 0.30908754 0.43585332 0.21682961]
 [0.42756559 0.34012147 0.43332737 0.41291875 0.47435208 0.15819367]
 [0.16589506 0.25044659 0.12591731 0.2083102  0.45918916 0.03912942]
 [0.22038966 0.35119686 0.33891176 0.2083102  0.60565652 0.02700186]
 [0.19376929 0.29671311 0.20583497 0.21099389 0.6235079  0.01387337]
 [0.23794367 0.39210432 0.25532486 0.2040533  0.45284439 0.05104749]
 [0.66772762 0.56037871 0.72632898 0.52924301 0.20679643 0.15996276]
 [0.39207176 0.37692033 0.51977806 0.35980011 0.13313259 0.12278864]
 [0.10165895 0.20650232 0.25013424 0.1694429  0.15227444 0.02728119]
 [0.27440201 0.50089318 0.13746197 0.18267629 0.51898054 0.02232309]
 [0.30034722 0.38763844 0.44746733 0.26624098 0.50177438 0.09636872]
 [0.07417052 0.20757413 0.20261321 0.14251342 0.5793096  0.02527933]
 [0.26803627 0.28331547 0.26042599 0.28937627 0.58414883 0.08412477]
 [0.17689043 0.50625223 0.15634509 0.08634092 0.469943   0.02509311]
 [0.26774691 0.34816006 0.22373367 0.25541366 0.51736746 0.03754655]
 [0.26446759 0.48249375 0.17093252 0.18267629 0.4397247  0.04213222]
 [0.1956983  0.26705966 0.13459817 0.22839163 0.48822454 0.03051676]
 [0.31221065 0.36566631 0.24583855 0.28900611 0.48854716 0.0964851 ]
 [0.09008488 0.32600929 0.01422946 0.09642791 0.39638671 0.01769088]
 [0.27748843 0.49321186 0.25237158 0.18961688 0.59285945 0.0314013 ]
 [0.52893519 0.77509825 0.65294434 0.28474921 0.7636305  0.22562849]
 [0.34008488 0.57038228 0.2246286  0.20969832 0.3583181  0.07658287]
 [0.34712577 0.36638085 0.39377125 0.32213585 0.67964297 0.0372905 ]
 [0.17013889 0.35869954 0.25675676 0.15630205 0.59060114 0.05668063]
 [0.36284722 0.34494462 0.45963845 0.348325   0.21228089 0.1560987 ]
 [0.42062114 0.46141479 0.30875246 0.34342032 0.28400903 0.14485568]
 [0.25125386 0.4244373  0.57356363 0.20007403 0.71932466 0.15363128]
 [0.21846065 0.43890675 0.34007517 0.1611142  0.74276804 0.05004655]
 [0.24045139 0.37084673 0.19643816 0.21747177 0.49166577 0.04182961]
 [0.19762731 0.40014291 0.23268301 0.1611142  0.53016453 0.04683426]
 [0.48225309 0.50893176 0.61714695 0.37793818 0.57909453 0.05002328]
 [0.38117284 0.3052876  0.38025774 0.38635943 0.42026024 0.15128026]
 [0.50482253 0.51321901 0.41166995 0.39737183 0.52102377 0.08947858]
 [0.32388117 0.25491247 0.36996599 0.35748658 0.59242929 0.03328678]
 [0.46846065 0.37281172 0.16556291 0.43522117 0.39896763 0.11191806]
 [0.36342593 0.4807074  0.36289601 0.27854895 0.45413485 0.02430168]
 [0.08304398 0.16398714 0.13871487 0.17351471 0.61361437 0.02467412]]

Iteração: 9 :::::::::::::::::
