Dados de Treino. K usado: 14

[[0.29311343 0.37388353 0.27734025 0.26642606 0.34025164 0.08573091]
 [0.53539738 0.63058235 0.3958296  0.36590783 0.48058931 0.09699721]
 [0.17689043 0.50625223 0.15634509 0.08634092 0.469943   0.02509311]
 ...
 [0.27584877 0.29117542 0.30427779 0.29270775 0.5695236  0.04492551]
 [0.07937886 0.15380493 0.16457849 0.17536554 0.62608883 0.01790037]
 [0.17457562 0.13665595 0.21478432 0.27558764 0.30315088 0.0814013 ]]
Dados de Teste. K usado: 14

[[0.57320602 0.66112897 0.57481654 0.38635943 0.4816647  0.1849162 ]
 [0.30044367 0.54912469 0.29532844 0.18267629 0.50252715 0.03917598]
 [0.26552855 0.35727045 0.24682298 0.24865815 0.471341   0.03212291]
 [0.3675733  0.37602715 0.26758547 0.33675736 0.48725669 0.03959497]
 [0.52980324 0.49678457 0.57964919 0.42994633 0.21496935 0.14017691]
 [0.53009259 0.48660236 0.417845   0.43540626 0.25744704 0.1200419 ]
 [0.2810571  0.48213648 0.17898693 0.19877846 0.49252608 0.03403166]
 [0.24565972 0.40228653 0.18793628 0.20627429 0.63781052 0.0280959 ]
 [0.61101466 0.99053233 0.51906211 0.25198964 0.69416066 0.30123371]
 [0.19974923 0.39121115 0.21478432 0.16777716 0.496505   0.02960894]
 [0.56857639 0.4933905  0.69563272 0.46881362 0.41918486 0.11426909]
 [0.38927469 0.4903537  0.15867192 0.29835277 0.63254113 0.02928305]
 [0.42756559 0.34012147 0.43332737 0.41291875 0.47435208 0.15819367]
 [0.13695988 0.29903537 0.21451584 0.1552841  0.62297021 0.02681564]
 [0.88724923 0.80385852 0.32969393 0.61382565 0.11764706 0.19809125]
 [0.52999614 0.5598428  0.57177376 0.39737183 0.87923433 0.17753724]
 [0.29793596 0.12325831 0.315017   0.4008884  0.35455425 0.14718343]
 [0.43489583 0.21114684 0.64435296 0.48676661 0.43682116 0.11480447]
 [0.5859375  0.70525188 0.30239842 0.37571719 0.69899989 0.26252328]
 [0.62075617 0.62200786 0.49946304 0.45224875 0.33132595 0.16266294]
 [0.46161265 0.49428367 0.38822266 0.36563021 0.53909022 0.19930168]
 [0.44270833 0.55823508 0.58949347 0.31445493 0.39886009 0.15709963]
 [0.23157793 0.06395141 0.25058171 0.36794373 0.66372728 0.00644786]
 [0.04899691 0.4335477  0.01342402 0.00138812 0.53747715 0.02690875]
 [0.52353395 0.42068596 0.47019868 0.46326115 0.49854823 0.16024209]
 [0.46518133 0.68953198 0.57964919 0.26790672 0.79019249 0.1564013 ]
 [0.2734375  0.2388353  0.29532844 0.31750879 0.44854285 0.01547952]
 [0.1408179  0.14987496 0.32217648 0.23635018 0.74384342 0.02730447]
 [0.60252701 0.63665595 0.30034008 0.42717009 0.55575868 0.14634544]
 [0.55217978 0.72990354 0.57651691 0.3305571  0.43434778 0.14136406]
 [0.51880787 0.45230439 0.44129229 0.4422543  0.48080439 0.11545624]
 [0.46971451 0.36548767 0.43574369 0.44031094 0.485321   0.10295624]
 [0.41165123 0.51393355 0.32298192 0.30760689 0.38617056 0.01752793]
 [0.42062114 0.46141479 0.30875246 0.34342032 0.28400903 0.14485568]
 [0.57098765 0.39996427 0.51610882 0.51952619 0.58436391 0.20270019]
 [0.29899691 0.41157556 0.25809916 0.25254488 0.47026562 0.03743017]
 [0.14486883 0.42640229 0.17424378 0.09698316 0.497903   0.00346834]
 [0.21325231 0.41032512 0.19983891 0.17092356 0.26669534 0.09171322]
 [0.26446759 0.48249375 0.17093252 0.18267629 0.4397247  0.04213222]
 [0.23881173 0.23633441 0.15124396 0.28567463 0.51693731 0.02327747]
 [0.52893519 0.77509825 0.65294434 0.28474921 0.7636305  0.22562849]
 [0.49151235 0.66130761 0.49650975 0.30788451 0.45241424 0.19045624]
 [0.16946373 0.29224723 0.34007517 0.19007959 0.19733305 0.12090317]
 [0.36304012 0.49839228 0.46536603 0.26910975 0.53199269 0.05456238]
 [0.11921296 0.41997142 0.18892071 0.07560614 0.61888375 0.04434358]
 [0.6560571  0.39174705 0.48066941 0.6054044  0.48187977 0.14972067]
 [0.57417052 0.80743123 0.61464113 0.31149361 0.54586515 0.16997207]
 [0.39650849 0.2454448  0.33739037 0.43216731 0.29809657 0.12383613]
 [0.21392747 0.51411218 0.19849651 0.11780492 0.50865684 0.04082868]
 [0.20891204 0.30796713 0.35797387 0.2197853  0.59479514 0.02481378]
 [0.05729167 0.2418721  0.19688563 0.10855081 0.66867405 0.04066574]
 [0.33053627 0.21114684 0.40996957 0.38663705 0.41886224 0.09620577]
 [0.35570988 0.51982851 0.22919277 0.25087914 0.30745241 0.02516294]
 [0.18123071 0.42854591 0.123322   0.13066815 0.51510915 0.03871043]
 [0.22791281 0.23258307 0.34902452 0.27716084 0.43854178 0.08472998]
 [0.61419753 0.52143623 0.68516198 0.49814918 0.32713195 0.03282123]
 [0.24286265 0.36048589 0.17236442 0.22506015 0.6584579  0.02991155]
 [0.41936728 0.49428367 0.34696617 0.32509717 0.50241962 0.15335196]
 [0.28819444 0.40818149 0.43207446 0.24393855 0.47252393 0.02032123]
 [0.26996528 0.33029653 0.25953105 0.26688877 0.56059791 0.02609404]
 [0.12451775 0.29671311 0.0986218  0.14464187 0.47671793 0.0363594 ]
 [0.17746914 0.50875313 0.11446214 0.08560059 0.44080009 0.03191341]]

Iteração: 2 :::::::::::::::::
