Dados de Treino. K usado: 13

[[0.44434799 0.52929618 0.6890997  0.3310198  0.72760512 0.15796089]
 [0.46846065 0.46998928 0.61517809 0.38487877 0.42241101 0.10328212]
 [0.3675733  0.37602715 0.26758547 0.33675736 0.48725669 0.03959497]
 ...
 [0.52893519 0.77509825 0.65294434 0.28474921 0.7636305  0.22562849]
 [0.08304398 0.16398714 0.13871487 0.17351471 0.61361437 0.02467412]
 [0.18605324 0.29403358 0.27742975 0.2051638  1.         0.07304469]]
Dados de Teste. K usado: 13

[[0.40952932 0.386388   0.43860748 0.37164538 0.5737176  0.11769088]
 [0.28636188 0.6323687  0.30150349 0.12613363 0.57242714 0.03228585]
 [0.52006173 0.97570561 0.34365491 0.17249676 0.4369287  0.18340317]
 [0.21383102 0.42872454 0.30427779 0.16194707 0.63340144 0.02362663]
 [0.48225309 0.50893176 0.61714695 0.37793818 0.57909453 0.05002328]
 [0.4837963  0.86602358 0.70950421 0.19442902 0.66878159 0.2613594 ]
 [0.15788966 0.41246874 0.25058171 0.11660189 0.54360684 0.04408752]
 [0.26552855 0.35727045 0.24682298 0.24865815 0.471341   0.03212291]
 [0.23726852 0.47856377 0.20583497 0.15870813 0.56199591 0.03107542]
 [0.11554784 0.23419078 0.32620369 0.16842495 0.66706097 0.04050279]
 [0.26803627 0.28331547 0.26042599 0.28937627 0.58414883 0.08412477]
 [0.5859375  0.70525188 0.30239842 0.37571719 0.69899989 0.26252328]
 [0.15027006 0.33583423 0.14426347 0.14908384 0.50016131 0.02285847]
 [0.50482253 0.51321901 0.41166995 0.39737183 0.52102377 0.08947858]
 [0.55217978 0.72990354 0.57651691 0.3305571  0.43434778 0.14136406]
 [0.4927662  0.41604144 0.32020762 0.43614659 0.43671363 0.11836592]
 [0.5474537  0.65094677 0.39600859 0.36683324 0.4369287  0.03989758]
 [0.47540509 0.68042158 0.67657061 0.28252823 0.39520379 0.15370112]
 [0.26803627 0.48713826 0.13620906 0.18369424 0.47628777 0.02476723]
 [0.24266975 0.27563416 0.38482191 0.26901721 0.60640929 0.0207635 ]
 [0.46701389 0.39782065 0.39931985 0.42078475 0.38004086 0.02714153]
 [0.35570988 0.60539478 0.33658493 0.20655192 0.47779331 0.04306331]
 [0.39679784 0.41568417 0.33112583 0.34425319 0.72599204 0.0372905 ]
 [0.41618441 0.55734191 0.2712547  0.28937627 0.34186472 0.05183892]
 [0.04947917 0.17309753 0.16609987 0.13659078 0.63372406 0.03417132]
 [0.12065972 0.34905323 0.23268301 0.11391819 0.58963329 0.0320298 ]
 [0.14486883 0.42640229 0.17424378 0.09698316 0.497903   0.00346834]
 [0.27584877 0.29117542 0.30427779 0.29270775 0.5695236  0.04492551]
 [0.46161265 0.49428367 0.38822266 0.36563021 0.53909022 0.19930168]
 [0.21846065 0.43890675 0.34007517 0.1611142  0.74276804 0.05004655]
 [0.3748071  0.29278314 0.39144442 0.38691468 0.26518981 0.14143389]
 [0.43489583 0.21114684 0.64435296 0.48676661 0.43682116 0.11480447]
 [0.         0.30921758 0.         0.01869332 0.59275191 0.00225791]
 [0.36342593 0.4807074  0.36289601 0.27854895 0.45413485 0.02430168]
 [0.22839506 0.41604144 0.12529085 0.18249121 0.55231745 0.03019088]
 [0.10165895 0.20650232 0.25013424 0.1694429  0.15227444 0.02728119]
 [0.37104552 0.38906752 0.47995346 0.33342587 0.21744274 0.09867318]
 [0.53539738 0.63058235 0.3958296  0.36590783 0.48058931 0.09699721]
 [0.57320602 0.66112897 0.57481654 0.38635943 0.4816647  0.1849162 ]
 [0.60252701 0.63665595 0.30034008 0.42717009 0.55575868 0.14634544]
 [0.19974923 0.39121115 0.21478432 0.16777716 0.496505   0.02960894]
 [0.26774691 0.34816006 0.22373367 0.25541366 0.51736746 0.03754655]
 [0.86583719 0.78724544 0.56201897 0.60188784 0.3722981  0.21475791]
 [0.46566358 0.85941408 0.12260605 0.18054784 0.40724809 0.03738361]
 [0.11332948 0.19703466 0.0958475  0.18554507 0.94386493 0.10398045]
 [0.36439043 0.47374062 0.2342939  0.28308347 0.46230778 0.        ]
 [0.29899691 0.41157556 0.25809916 0.25254488 0.47026562 0.03743017]
 [0.36140046 0.41943551 0.31635941 0.30825467 0.50553823 0.02490689]
 [0.2810571  0.48213648 0.17898693 0.19877846 0.49252608 0.03403166]
 [0.32445988 0.43640586 0.40459996 0.26411253 0.5295193  0.07723464]
 [0.59673997 0.82868882 0.60649723 0.32213585 0.50026885 0.15789106]
 [0.13695988 0.29903537 0.21451584 0.1552841  0.62297021 0.02681564]
 [0.56732253 0.70685959 0.41936639 0.35702388 0.59769868 0.19876629]
 [0.33256173 0.48499464 0.45229998 0.24671479 0.50704377 0.2698324 ]
 [0.23881173 0.23633441 0.15124396 0.28567463 0.51693731 0.02327747]
 [0.18123071 0.42854591 0.123322   0.13066815 0.51510915 0.03871043]
 [0.36766975 0.34047874 0.48952926 0.35535813 0.27067427 0.11748138]
 [0.21103395 0.18792426 0.39681403 0.28400888 0.59436499 0.10721601]
 [0.27748843 0.49321186 0.25237158 0.18961688 0.59285945 0.0314013 ]
 [0.11477623 0.26527331 0.10954    0.15148991 0.57769653 0.03479981]
 [0.50395448 0.36780993 0.58788258 0.47186748 0.37262071 0.05458566]
 [0.42679398 0.35762772 0.42240916 0.40310938 0.34691902 0.08519553]]

Iteração: 12 :::::::::::::::::
