Dados de Treino. K usado: 14

[[0.1644483  0.46820293 0.18793628 0.09411438 0.58898806 0.01894786]
 [0.15027006 0.33583423 0.14426347 0.14908384 0.50016131 0.02285847]
 [0.23881173 0.52822437 0.29532844 0.13446234 0.509087   0.01985568]
 ...
 [0.09625772 0.52357985 0.1342402  0.         0.48929992 0.01820298]
 [0.11332948 0.19703466 0.0958475  0.18554507 0.94386493 0.10398045]
 [0.19974923 0.39121115 0.21478432 0.16777716 0.496505   0.02960894]]
Dados de Teste. K usado: 14

[[0.31520062 0.78831726 1.         0.07292245 0.70491451 0.29881285]
 [0.07937886 0.15380493 0.16457849 0.17536554 0.62608883 0.01790037]
 [0.25337577 0.45659164 0.19572221 0.18545253 0.49983869 0.02967877]
 [0.48225309 0.50893176 0.61714695 0.37793818 0.57909453 0.05002328]
 [0.14506173 0.22043587 0.25836764 0.20377568 0.35778041 0.09013035]
 [0.14949846 0.27491961 0.19715411 0.17990006 0.49983869 0.01166201]
 [0.15065586 0.43676313 0.05396456 0.09716824 0.51919561 0.03054004]
 [0.39795525 0.42854591 0.41292286 0.33870072 0.44133778 0.10293296]
 [0.03858025 0.32993926 0.17898693 0.04497501 0.45811378 0.05242086]
 [0.16946373 0.29224723 0.34007517 0.19007959 0.19733305 0.12090317]
 [0.35927855 0.36923901 0.3055307  0.33240792 0.44994085 0.09972067]
 [0.41869213 0.39210432 0.54089851 0.37747548 0.37627702 0.09487896]
 [0.4455054  0.41032512 0.41050653 0.39376272 0.         0.05384078]
 [0.34133873 0.4685602  0.34804009 0.26364982 0.52274438 0.03696462]
 [0.51215278 0.54465881 0.23984249 0.38802517 0.30691472 0.11119646]
 [0.09654707 0.10253662 0.17567568 0.21839719 0.7082482  0.02087989]
 [0.41714892 0.45462665 0.55459101 0.3436054  0.36025379 0.02472067]
 [0.13753858 0.09324759 0.15195991 0.26253933 0.52973438 0.01138268]
 [0.40952932 0.386388   0.43860748 0.37164538 0.5737176  0.11769088]
 [0.25125386 0.4244373  0.57356363 0.20007403 0.71932466 0.15363128]
 [0.56761188 0.64594498 0.62063719 0.38885804 0.61114098 0.19175978]
 [0.27440201 0.50089318 0.13746197 0.18267629 0.51898054 0.02232309]
 [0.23090278 0.35691318 0.18310363 0.21552841 0.52747607 0.03293762]
 [0.42505787 0.82833155 0.48433864 0.15759763 0.8436391  0.3641527 ]
 [0.31471836 0.25401929 0.3520673  0.34934296 0.30562426 0.14581006]
 [0.29793596 0.12325831 0.315017   0.4008884  0.35455425 0.14718343]
 [0.26774691 0.34816006 0.22373367 0.25541366 0.51736746 0.03754655]
 [0.26552855 0.35727045 0.24682298 0.24865815 0.471341   0.03212291]
 [0.31847994 0.37709896 0.26132092 0.28900611 0.54801592 0.0323324 ]
 [0.07368827 0.18274384 0.10291749 0.15491394 0.62641144 0.02160149]
 [0.61101466 0.99053233 0.51906211 0.25198964 0.69416066 0.30123371]
 [0.49681713 0.51768489 0.71496331 0.38728484 0.56973868 0.16822626]
 [0.19560185 0.23526259 0.30517272 0.24467888 0.64813421 0.03144786]
 [0.32388117 0.25491247 0.36996599 0.35748658 0.59242929 0.03328678]
 [0.66772762 0.56037871 0.72632898 0.52924301 0.20679643 0.15996276]
 [0.29378858 0.41711325 0.25058171 0.24467888 0.61522744 0.08165736]
 [0.32262731 0.6886388  0.29139073 0.1316861  0.52962684 0.02916667]
 [0.42756559 0.34012147 0.43332737 0.41291875 0.47435208 0.15819367]
 [0.09384645 0.13683458 0.26364775 0.19803813 0.61124852 0.02195065]
 [0.44839892 0.45516256 0.48326472 0.37331112 0.50414023 0.08482309]
 [0.41059028 1.         0.48380168 0.05478438 0.59081622 0.15304935]
 [0.41165123 0.51393355 0.32298192 0.30760689 0.38617056 0.01752793]
 [0.39284336 0.56162915 0.31573295 0.26485286 0.46671685 0.02106611]
 [0.13599537 0.36566631 0.09951674 0.11993337 0.64791913 0.03093575]
 [0.61419753 0.52143623 0.68516198 0.49814918 0.32713195 0.03282123]
 [0.47096836 0.38352983 0.35555754 0.43198223 0.38251425 0.029446  ]
 [0.52980324 0.49678457 0.57964919 0.42994633 0.21496935 0.14017691]
 [0.49710648 0.49892819 0.45131555 0.39737183 0.481127   0.0884311 ]
 [0.31298225 0.11236156 0.3356005  0.42096983 0.34369287 0.09106145]
 [0.43441358 0.54394427 0.2657956  0.31389969 0.53532638 0.08924581]
 [0.14486883 0.42640229 0.17424378 0.09698316 0.497903   0.00346834]
 [0.34008488 0.57038228 0.2246286  0.20969832 0.3583181  0.07658287]
 [0.52729552 0.46070025 0.42634688 0.44614103 0.20851704 0.12856145]
 [0.3820409  0.2926045  0.32951495 0.39376272 0.3689644  0.1172486 ]
 [0.26977238 0.59306895 0.19088957 0.13048306 0.55242499 0.02939944]
 [0.66869213 0.94855305 0.4027206  0.32907644 0.28605226 0.20563315]
 [0.19376929 0.29671311 0.20583497 0.21099389 0.6235079  0.01387337]
 [0.29899691 0.41157556 0.25809916 0.25254488 0.47026562 0.03743017]
 [0.3431713  0.42265095 0.29443351 0.28919119 0.54672545 0.03293762]
 [0.50482253 0.51321901 0.41166995 0.39737183 0.52102377 0.08947858]
 [0.17139275 0.37031083 0.21326293 0.15148991 0.69233251 0.04075885]
 [0.31221065 0.36566631 0.24583855 0.28900611 0.48854716 0.0964851 ]]

Iteração: 4 :::::::::::::::::
