Dados de Treino. K usado: 14

[[0.44434799 0.52929618 0.6890997  0.3310198  0.72760512 0.15796089]
 [0.41165123 0.51393355 0.32298192 0.30760689 0.38617056 0.01752793]
 [0.04899691 0.4335477  0.01342402 0.00138812 0.53747715 0.02690875]
 ...
 [0.29793596 0.12325831 0.315017   0.4008884  0.35455425 0.14718343]
 [0.46701389 0.39782065 0.39931985 0.42078475 0.38004086 0.02714153]
 [0.16435185 0.29528403 0.13370324 0.18369424 0.57414776 0.02979516]]
Dados de Teste. K usado: 14

[[0.12741127 0.24222937 0.20583497 0.17564316 0.51338854 0.0301676 ]
 [0.2810571  0.48213648 0.17898693 0.19877846 0.49252608 0.03403166]
 [0.57320602 0.66112897 0.57481654 0.38635943 0.4816647  0.1849162 ]
 [0.32445988 0.43640586 0.40459996 0.26411253 0.5295193  0.07723464]
 [0.30044367 0.54912469 0.29532844 0.18267629 0.50252715 0.03917598]
 [0.54263117 0.64005002 0.56425631 0.36794373 0.50500054 0.17185754]
 [0.49710648 0.49892819 0.45131555 0.39737183 0.481127   0.0884311 ]
 [0.17631173 0.37013219 0.16323608 0.15630205 0.66286697 0.01736499]
 [0.32388117 0.25491247 0.36996599 0.35748658 0.59242929 0.03328678]
 [0.40171682 0.41264737 0.26185788 0.35054599 0.53349823 0.03708101]
 [0.22839506 0.41604144 0.12529085 0.18249121 0.55231745 0.03019088]
 [0.52961034 0.48856735 0.69608019 0.4339256  0.59522529 0.11461825]
 [0.5550733  0.47909968 0.56479327 0.46326115 0.59576299 0.18701117]
 [0.41714892 0.45462665 0.55459101 0.3436054  0.36025379 0.02472067]
 [0.23659336 0.23240443 0.18793628 0.28548954 0.50016131 0.02525605]
 [0.52565586 0.58753126 0.41972436 0.37886359 0.5379073  0.14788175]
 [0.15065586 0.43676313 0.05396456 0.09716824 0.51919561 0.03054004]
 [0.13898534 0.43819221 0.17898693 0.08523043 0.54812345 0.02216015]
 [0.61419753 0.52143623 0.68516198 0.49814918 0.32713195 0.03282123]
 [0.13599537 0.36566631 0.09951674 0.11993337 0.64791913 0.03093575]
 [0.16174769 0.01250447 0.39377125 0.32750324 0.55414561 0.01792365]
 [0.41059028 1.         0.48380168 0.05478438 0.59081622 0.15304935]
 [0.11554784 0.23419078 0.32620369 0.16842495 0.66706097 0.04050279]
 [0.26996528 0.33029653 0.25953105 0.26688877 0.56059791 0.02609404]
 [0.51880787 0.45230439 0.44129229 0.4422543  0.48080439 0.11545624]
 [0.52729552 0.46070025 0.42634688 0.44614103 0.20851704 0.12856145]
 [0.4455054  0.41032512 0.41050653 0.39376272 0.         0.05384078]
 [0.53009259 0.48660236 0.417845   0.43540626 0.25744704 0.1200419 ]
 [0.37287809 0.38799571 0.40128871 0.33564686 0.44735993 0.07558194]
 [0.27748843 0.49321186 0.25237158 0.18961688 0.59285945 0.0314013 ]
 [0.20823688 0.33297606 0.22373367 0.20627429 0.51005484 0.07621043]
 [0.18740355 0.45212576 0.17692858 0.12446789 0.50241962 0.03303073]
 [0.29330633 0.27706324 0.3452658  0.31676846 0.30863534 0.14376164]
 [0.17525077 0.34101465 0.19778056 0.17036831 0.58113776 0.03836127]
 [0.17727623 0.28545909 0.34007517 0.20109199 0.69502097 0.09350559]
 [0.26552855 0.35727045 0.24682298 0.24865815 0.471341   0.03212291]
 [0.24286265 0.36048589 0.17236442 0.22506015 0.6584579  0.02991155]
 [0.3992091  0.37888532 0.39377125 0.36563021 0.57586837 0.08619646]
 [0.26311728 0.40032154 0.20735636 0.22394966 0.54296161 0.03968808]
 [0.23070988 0.2799214  0.16260963 0.25522858 0.31863641 0.08805866]
 [0.47743056 0.4624866  0.44880974 0.39737183 0.27766426 0.18763966]
 [0.3820409  0.2926045  0.32951495 0.39376272 0.3689644  0.1172486 ]
 [1.         0.26705966 0.30767854 1.         0.40445209 1.        ]
 [0.30815972 0.38210075 0.58752461 0.27660559 0.46789977 0.14269088]
 [0.03858025 0.32993926 0.17898693 0.04497501 0.45811378 0.05242086]
 [0.15306713 0.         0.48236979 0.3258375  0.44639209 0.08938547]
 [0.3748071  0.29278314 0.39144442 0.38691468 0.26518981 0.14143389]
 [0.31520062 0.78831726 1.         0.07292245 0.70491451 0.29881285]
 [0.2734375  0.2388353  0.29532844 0.31750879 0.44854285 0.01547952]
 [0.1408179  0.14987496 0.32217648 0.23635018 0.74384342 0.02730447]
 [0.43209877 0.47713469 0.43726508 0.3462891  0.49575223 0.1014432 ]
 [0.26774691 0.34816006 0.22373367 0.25541366 0.51736746 0.03754655]
 [0.31298225 0.11236156 0.3356005  0.42096983 0.34369287 0.09106145]
 [0.47405478 0.414791   0.4233041  0.41884138 0.52478761 0.09925512]
 [0.49151235 0.66130761 0.49650975 0.30788451 0.45241424 0.19045624]
 [0.19376929 0.29671311 0.20583497 0.21099389 0.6235079  0.01387337]
 [0.58179012 0.83690604 0.4218722  0.30353507 0.29379503 0.15551676]
 [0.36805556 0.58735263 0.33076785 0.22774385 0.38821379 0.03300745]
 [0.2888696  0.35119686 0.43529622 0.27419952 0.49628992 0.09830074]
 [0.4294946  0.50464452 0.40433148 0.3294466  0.3541241  0.09047952]
 [0.27575231 0.3331547  0.24163236 0.27096058 0.51145284 0.11973929]
 [0.48225309 0.50893176 0.61714695 0.37793818 0.57909453 0.05002328]]

Iteração: 14 :::::::::::::::::
