Dados de Treino. K usado: 13

[[0.56761188 0.64594498 0.62063719 0.38885804 0.61114098 0.19175978]
 [0.26716821 0.46052161 0.16806873 0.19665001 0.55479084 0.03815177]
 [0.21103395 0.18792426 0.39681403 0.28400888 0.59436499 0.10721601]
 ...
 [0.41869213 0.39210432 0.54089851 0.37747548 0.37627702 0.09487896]
 [0.21383102 0.42872454 0.30427779 0.16194707 0.63340144 0.02362663]
 [0.57764275 0.80921758 0.30311437 0.31389969 0.55930745 0.1700419 ]]
Dados de Teste. K usado: 13

[[0.34133873 0.4685602  0.34804009 0.26364982 0.52274438 0.03696462]
 [0.52565586 0.58753126 0.41972436 0.37886359 0.5379073  0.14788175]
 [0.18856096 0.30743123 0.25577233 0.20053674 0.64630605 0.01785382]
 [0.26996528 0.33029653 0.25953105 0.26688877 0.56059791 0.02609404]
 [0.55680941 0.52929618 0.65455522 0.43892282 0.58683729 0.21326816]
 [0.41936728 0.49428367 0.34696617 0.32509717 0.50241962 0.15335196]
 [0.23881173 0.52822437 0.29532844 0.13446234 0.509087   0.01985568]
 [0.24565972 0.40228653 0.18793628 0.20627429 0.63781052 0.0280959 ]
 [0.18701775 0.35048232 0.14587435 0.17675366 0.51510915 0.01412942]
 [0.06645448 0.11128975 0.04537319 0.18508236 0.54102592 0.04750931]
 [0.22839506 0.41604144 0.12529085 0.18249121 0.55231745 0.03019088]
 [0.42062114 0.46141479 0.30875246 0.34342032 0.28400903 0.14485568]
 [0.40171682 0.41264737 0.26185788 0.35054599 0.53349823 0.03708101]
 [0.24045139 0.37084673 0.19643816 0.21747177 0.49166577 0.04182961]
 [0.38117284 0.3052876  0.38025774 0.38635943 0.42026024 0.15128026]
 [0.18258102 0.33690604 0.27367102 0.17952989 0.83675664 0.00493482]
 [0.62075617 0.62200786 0.49946304 0.45224875 0.33132595 0.16266294]
 [0.16811343 0.41193283 0.29532844 0.12678142 0.42144317 0.04667132]
 [0.12741127 0.24222937 0.20583497 0.17564316 0.51338854 0.0301676 ]
 [0.35570988 0.60539478 0.33658493 0.20655192 0.47779331 0.04306331]
 [0.61275077 0.70114327 0.61866834 0.40357209 0.64394021 0.23996741]
 [0.54263117 0.64005002 0.56425631 0.36794373 0.50500054 0.17185754]
 [0.27440201 0.50089318 0.13746197 0.18267629 0.51898054 0.02232309]
 [0.52961034 0.48856735 0.69608019 0.4339256  0.59522529 0.11461825]
 [0.29311343 0.37388353 0.27734025 0.26642606 0.34025164 0.08573091]
 [0.86583719 0.78724544 0.56201897 0.60188784 0.3722981  0.21475791]
 [0.4294946  0.50464452 0.40433148 0.3294466  0.3541241  0.09047952]
 [0.11332948 0.19703466 0.0958475  0.18554507 0.94386493 0.10398045]
 [0.37104552 0.38906752 0.47995346 0.33342587 0.21744274 0.09867318]
 [0.22038966 0.35119686 0.33891176 0.2083102  0.60565652 0.02700186]
 [0.17457562 0.13665595 0.21478432 0.27558764 0.30315088 0.0814013 ]
 [0.55729167 0.85459093 0.42956864 0.27096058 0.48317023 0.08763966]
 [0.44762731 0.42765273 0.34007517 0.38691468 0.5281213  0.10048883]
 [0.2576196  0.28510182 0.29523895 0.27836387 0.5700613  0.03007449]
 [0.44299769 0.45551983 0.33112583 0.36794373 0.47456716 0.0280959 ]
 [0.34008488 0.57038228 0.2246286  0.20969832 0.3583181  0.07658287]
 [0.09625772 0.52357985 0.1342402  0.         0.48929992 0.01820298]
 [0.16946373 0.29224723 0.34007517 0.19007959 0.19733305 0.12090317]
 [0.44434799 0.52929618 0.6890997  0.3310198  0.72760512 0.15796089]
 [0.52006173 0.97570561 0.34365491 0.17249676 0.4369287  0.18340317]
 [0.13030478 0.40657378 0.20288169 0.09328151 0.66501774 0.01417598]
 [0.11554784 0.23419078 0.32620369 0.16842495 0.66706097 0.04050279]
 [0.49681713 0.51768489 0.71496331 0.38728484 0.56973868 0.16822626]
 [0.59673997 0.82868882 0.60649723 0.32213585 0.50026885 0.15789106]
 [0.15306713 0.         0.48236979 0.3258375  0.44639209 0.08938547]
 [0.63541667 0.74919614 0.56756757 0.40033315 0.49080546 0.16089385]
 [0.13753858 0.09324759 0.15195991 0.26253933 0.52973438 0.01138268]
 [0.1644483  0.46820293 0.18793628 0.09411438 0.58898806 0.01894786]
 [0.36439043 0.47374062 0.2342939  0.28308347 0.46230778 0.        ]
 [0.52893519 0.77509825 0.65294434 0.28474921 0.7636305  0.22562849]
 [0.14949846 0.27491961 0.19715411 0.17990006 0.49983869 0.01166201]
 [0.10165895 0.20650232 0.25013424 0.1694429  0.15227444 0.02728119]
 [0.20746528 0.35423365 0.20297118 0.19442902 0.3029358  0.04033985]
 [0.32388117 0.25491247 0.36996599 0.35748658 0.59242929 0.03328678]
 [0.42756559 0.34012147 0.43332737 0.41291875 0.47435208 0.15819367]
 [0.20891204 0.30796713 0.35797387 0.2197853  0.59479514 0.02481378]
 [0.27575231 0.3331547  0.24163236 0.27096058 0.51145284 0.11973929]
 [0.         0.30921758 0.         0.01869332 0.59275191 0.00225791]
 [0.51215278 0.54465881 0.23984249 0.38802517 0.30691472 0.11119646]
 [0.3820409  0.35298321 0.2684804  0.36257635 0.63781052 0.02113594]
 [0.59346065 0.48088603 0.71433685 0.49916713 0.54694053 0.20435289]
 [0.36467978 0.40389425 0.43959191 0.3195447  0.77728788 0.04040968]]

Iteração: 0 :::::::::::::::::
