Dados de Treino. K usado: 14

[[0.21392747 0.51411218 0.19849651 0.11780492 0.50865684 0.04082868]
 [0.07937886 0.15380493 0.16457849 0.17536554 0.62608883 0.01790037]
 [0.1408179  0.14987496 0.32217648 0.23635018 0.74384342 0.02730447]
 ...
 [0.3748071  0.6100393  0.33067836 0.222469   0.50005377 0.04208566]
 [0.09008488 0.32600929 0.01422946 0.09642791 0.39638671 0.01769088]
 [0.21383102 0.42872454 0.30427779 0.16194707 0.63340144 0.02362663]]
Dados de Teste. K usado: 14

[[2.68036265e-01 2.83315470e-01 2.60425989e-01 2.89376272e-01
  5.84148833e-01 8.41247672e-02]
 [4.10590278e-01 1.00000000e+00 4.83801682e-01 5.47843790e-02
  5.90816217e-01 1.53049348e-01]
 [5.84490741e-01 7.60807431e-01 4.94182925e-01 3.45548769e-01
  7.45564039e-01 2.83798883e-01]
 [3.96508488e-01 2.45444802e-01 3.37390371e-01 4.32167314e-01
  2.98096570e-01 1.23836127e-01]
 [5.68576389e-01 4.93390497e-01 6.95632719e-01 4.68813622e-01
  4.19184859e-01 1.14269088e-01]
 [3.64101080e-01 3.61914970e-01 4.30642563e-01 3.40736628e-01
  4.73706850e-01 1.22160149e-01]
 [9.90547840e-02 3.64951768e-01 5.58439234e-02 8.48602628e-02
  6.02215292e-01 2.61638734e-02]
 [4.01716821e-01 4.12647374e-01 2.61857884e-01 3.50545993e-01
  5.33498226e-01 3.70810056e-02]
 [5.70408951e-01 4.43551268e-01 7.76266333e-01 4.96390894e-01
  4.36391010e-01 1.62802607e-01]
 [2.38811728e-01 5.28224366e-01 2.95328441e-01 1.34462336e-01
  5.09086999e-01 1.98556797e-02]
 [1.24517747e-01 2.96713112e-01 9.86218006e-02 1.44641866e-01
  4.76717927e-01 3.63594041e-02]
 [3.00347222e-01 3.87638442e-01 4.47467335e-01 2.66240977e-01
  5.01774384e-01 9.63687151e-02]
 [4.29494599e-01 5.04644516e-01 4.04331484e-01 3.29446604e-01
  3.54124099e-01 9.04795158e-02]
 [2.81057099e-01 4.82136477e-01 1.78986934e-01 1.98778456e-01
  4.92526078e-01 3.40316574e-02]
 [2.63117284e-01 4.00321543e-01 2.07356363e-01 2.23949658e-01
  5.42961609e-01 3.96880819e-02]
 [3.12982253e-01 1.12361558e-01 3.35600501e-01 4.20969832e-01
  3.43692870e-01 9.10614525e-02]
 [1.82581019e-01 3.36906038e-01 2.73671022e-01 1.79529891e-01
  8.36756640e-01 4.93482309e-03]
 [2.98996914e-01 4.11575563e-01 2.58099159e-01 2.52544882e-01
  4.70265620e-01 3.74301676e-02]
 [2.68036265e-01 4.87138264e-01 1.36209057e-01 1.83694244e-01
  4.76287773e-01 2.47672253e-02]
 [3.43171296e-01 4.22650947e-01 2.94433506e-01 2.89191190e-01
  5.46725454e-01 3.29376164e-02]
 [5.47453704e-01 6.50946767e-01 3.96008591e-01 3.66833241e-01
  4.36928702e-01 3.98975791e-02]
 [6.30015432e-01 5.54841015e-01 6.32002864e-01 4.95928188e-01
  5.07904076e-01 1.48230912e-01]
 [5.70987654e-01 3.99964273e-01 5.16108824e-01 5.19526189e-01
  5.84363910e-01 2.02700186e-01]
 [1.63676698e-01 3.63879957e-01 2.35815285e-01 1.47418101e-01
  6.28454673e-01 2.80027933e-02]
 [2.37943673e-01 3.92104323e-01 2.55324861e-01 2.04053304e-01
  4.52844392e-01 5.10474860e-02]
 [2.30902778e-01 3.56913183e-01 1.83103633e-01 2.15528410e-01
  5.27476073e-01 3.29376164e-02]
 [1.37538580e-01 9.32475884e-02 1.51959907e-01 2.62539330e-01
  5.29734380e-01 1.13826816e-02]
 [4.16184414e-01 5.57341908e-01 2.71254698e-01 2.89376272e-01
  3.41864717e-01 5.18389199e-02]
 [3.33719136e-01 3.98356556e-01 2.61320924e-01 2.92707755e-01
  4.62092698e-01 9.95111732e-02]
 [1.21045525e-01 3.57091819e-01 1.52138894e-01 1.09938923e-01
  5.70814066e-01 2.90735568e-02]
 [3.44039352e-01 3.59949982e-01 4.47467335e-01 3.22506015e-01
  5.55973761e-01 2.87709497e-02]
 [4.51485340e-01 4.66773848e-01 4.20708788e-01 3.70257264e-01
  4.42520701e-01 2.76303538e-02]
 [4.17148920e-01 4.54626652e-01 5.54591015e-01 3.43605404e-01
  3.60253791e-01 2.47206704e-02]
 [3.23881173e-01 2.54912469e-01 3.69965992e-01 3.57486582e-01
  5.92429293e-01 3.32867784e-02]
 [3.26871142e-01 3.72633083e-01 3.94129229e-01 2.99463261e-01
  3.76922250e-01 9.65316574e-02]
 [1.77276235e-01 2.85459093e-01 3.40075175e-01 2.01091986e-01
  6.95020970e-01 9.35055866e-02]
 [2.38811728e-01 2.36334405e-01 1.51243959e-01 2.85674625e-01
  5.16937305e-01 2.32774674e-02]
 [2.11033951e-01 1.87924259e-01 3.96814033e-01 2.84008884e-01
  5.94364985e-01 1.07216015e-01]
 [4.62384259e-01 4.53197571e-01 5.55127976e-01 3.87747548e-01
  6.27271750e-01 1.96578212e-01]
 [4.65663580e-01 8.59414076e-01 1.22606050e-01 1.80547844e-01
  4.07248091e-01 3.73836127e-02]
 [5.72916667e-02 2.41872097e-01 1.96885627e-01 1.08550805e-01
  6.68674051e-01 4.06657356e-02]
 [1.65895062e-01 2.50446588e-01 1.25917308e-01 2.08310198e-01
  4.59189160e-01 3.91294227e-02]
 [3.92071759e-01 3.76920329e-01 5.19778056e-01 3.59800111e-01
  1.33132595e-01 1.22788641e-01]
 [3.40084877e-01 5.70382279e-01 2.24628602e-01 2.09698316e-01
  3.58318099e-01 7.65828678e-02]
 [2.04185957e-01 2.70096463e-01 1.92947915e-01 2.34869517e-01
  5.43069147e-01 2.95391061e-02]
 [6.11014660e-01 9.90532333e-01 5.19062108e-01 2.51989635e-01
  6.94160662e-01 3.01233706e-01]
 [2.18460648e-01 4.38906752e-01 3.40075175e-01 1.61114196e-01
  7.42768040e-01 5.00465549e-02]
 [4.67013889e-01 3.97820650e-01 3.99319850e-01 4.20784749e-01
  3.80040865e-01 2.71415270e-02]
 [3.82040895e-01 2.92604502e-01 3.29514945e-01 3.93762724e-01
  3.68964405e-01 1.17248603e-01]
 [1.85378086e-01 3.09217578e-01 1.34598174e-01 1.96557468e-01
  5.07473922e-01 8.84543762e-04]
 [1.70138889e-01 3.58699536e-01 2.56756757e-01 1.56302054e-01
  5.90601140e-01 5.66806331e-02]
 [1.13329475e-01 1.97034655e-01 9.58475031e-02 1.85545068e-01
  9.43864932e-01 1.03980447e-01]
 [1.50655864e-01 4.36763130e-01 5.39645606e-02 9.71682399e-02
  5.19195612e-01 3.05400372e-02]
 [4.34413580e-01 5.43944266e-01 2.65795597e-01 3.13899685e-01
  5.35326379e-01 8.92458101e-02]
 [4.94405864e-01 6.42193641e-01 4.40576338e-01 3.20562650e-01
  5.20163458e-01 2.43528864e-01]
 [3.08159722e-01 3.82100750e-01 5.87524611e-01 2.76605589e-01
  4.67899774e-01 1.42690875e-01]
 [5.73206019e-01 6.61128975e-01 5.74816538e-01 3.86359430e-01
  4.81664695e-01 1.84916201e-01]
 [3.64679784e-01 4.03894248e-01 4.39591910e-01 3.19544697e-01
  7.77287880e-01 4.04096834e-02]
 [4.89969136e-02 4.33547696e-01 1.34240200e-02 1.38811771e-03
  5.37477148e-01 2.69087523e-02]
 [1.76890432e-01 5.06252233e-01 1.56345087e-01 8.63409217e-02
  4.69943005e-01 2.50931099e-02]
 [4.58043981e-01 2.90460879e-01 4.38517988e-01 4.67795669e-01
  3.08097645e-01 8.85474860e-02]
 [1.84220679e-01 2.72240086e-01 2.46822982e-01 2.14602998e-01
  5.21238843e-01 2.62337058e-02]]

Iteração: 11 :::::::::::::::::
