Dados de Treino. K usado: 14

[[0.19974923 0.39121115 0.21478432 0.16777716 0.496505   0.02960894]
 [0.31298225 0.11236156 0.3356005  0.42096983 0.34369287 0.09106145]
 [0.36410108 0.36191497 0.43064256 0.34073663 0.47370685 0.12216015]
 ...
 [0.07937886 0.15380493 0.16457849 0.17536554 0.62608883 0.01790037]
 [0.47743056 0.4624866  0.44880974 0.39737183 0.27766426 0.18763966]
 [0.09625772 0.52357985 0.1342402  0.         0.48929992 0.01820298]]
Dados de Teste. K usado: 14

[[0.13695988 0.29903537 0.21451584 0.1552841  0.62297021 0.02681564]
 [0.26552855 0.35727045 0.24682298 0.24865815 0.471341   0.03212291]
 [0.21942515 0.21686317 0.37139789 0.27716084 0.7208302  0.07195065]
 [0.4927662  0.41604144 0.32020762 0.43614659 0.43671363 0.11836592]
 [0.50395448 0.36780993 0.58788258 0.47186748 0.37262071 0.05458566]
 [0.25125386 0.4244373  0.57356363 0.20007403 0.71932466 0.15363128]
 [0.39679784 0.41568417 0.33112583 0.34425319 0.72599204 0.0372905 ]
 [0.17013889 0.35869954 0.25675676 0.15630205 0.59060114 0.05668063]
 [0.21846065 0.43890675 0.34007517 0.1611142  0.74276804 0.05004655]
 [0.45804398 0.29046088 0.43851799 0.46779567 0.30809764 0.08854749]
 [0.41936728 0.49428367 0.34696617 0.32509717 0.50241962 0.15335196]
 [0.19502315 0.29957128 0.25684625 0.21090135 0.55027422 0.0244879 ]
 [0.41059028 1.         0.48380168 0.05478438 0.59081622 0.15304935]
 [0.46238426 0.45319757 0.55512798 0.38774755 0.62727175 0.19657821]
 [0.33371914 0.39835656 0.26132092 0.29270775 0.4620927  0.09951117]
 [0.26977238 0.59306895 0.19088957 0.13048306 0.55242499 0.02939944]
 [0.5474537  0.65094677 0.39600859 0.36683324 0.4369287  0.03989758]
 [0.06645448 0.11128975 0.04537319 0.18508236 0.54102592 0.04750931]
 [0.66772762 0.56037871 0.72632898 0.52924301 0.20679643 0.15996276]
 [0.51215278 0.54465881 0.23984249 0.38802517 0.30691472 0.11119646]
 [0.17746914 0.50875313 0.11446214 0.08560059 0.44080009 0.03191341]
 [0.2576196  0.28510182 0.29523895 0.27836387 0.5700613  0.03007449]
 [0.52893519 0.77509825 0.65294434 0.28474921 0.7636305  0.22562849]
 [0.11168981 0.28474455 0.25058171 0.13862669 0.70609743 0.05758845]
 [0.44299769 0.45551983 0.33112583 0.36794373 0.47456716 0.0280959 ]
 [0.43258102 0.78724544 0.63128692 0.18619286 0.59232176 0.18349628]
 [0.14660494 0.41318328 0.14954358 0.10558949 0.46445854 0.01527002]
 [0.12741127 0.24222937 0.20583497 0.17564316 0.51338854 0.0301676 ]
 [0.34712577 0.36638085 0.39377125 0.32213585 0.67964297 0.0372905 ]
 [0.18856096 0.30743123 0.25577233 0.20053674 0.64630605 0.01785382]
 [0.27903164 0.04983923 0.37587256 0.42078475 0.42843316 0.09969739]
 [0.4294946  0.50464452 0.40433148 0.3294466  0.3541241  0.09047952]
 [0.4839892  0.87441944 0.38661178 0.19026467 0.58275083 0.14243482]
 [0.10165895 0.20650232 0.25013424 0.1694429  0.15227444 0.02728119]
 [0.16435185 0.29528403 0.13370324 0.18369424 0.57414776 0.02979516]
 [0.17428627 0.14397999 0.28736352 0.27151582 0.41456071 0.12539572]
 [0.4837963  0.86602358 0.70950421 0.19442902 0.66878159 0.2613594 ]
 [0.26446759 0.48249375 0.17093252 0.18267629 0.4397247  0.04213222]
 [0.35570988 0.60539478 0.33658493 0.20655192 0.47779331 0.04306331]
 [0.21383102 0.42872454 0.30427779 0.16194707 0.63340144 0.02362663]
 [0.23206019 0.64862451 0.19778056 0.06551916 0.62598129 0.03910615]
 [0.14486883 0.42640229 0.17424378 0.09698316 0.497903   0.00346834]
 [0.42679398 0.35762772 0.42240916 0.40310938 0.34691902 0.08519553]
 [0.26996528 0.33029653 0.25953105 0.26688877 0.56059791 0.02609404]
 [0.21392747 0.51411218 0.19849651 0.11780492 0.50865684 0.04082868]
 [0.27440201 0.50089318 0.13746197 0.18267629 0.51898054 0.02232309]
 [0.44434799 0.52929618 0.6890997  0.3310198  0.72760512 0.15796089]
 [0.16676312 0.29742765 0.19715411 0.18480474 0.72437897 0.01850559]
 [0.41618441 0.55734191 0.2712547  0.28937627 0.34186472 0.05183892]
 [0.23090278 0.35691318 0.18310363 0.21552841 0.52747607 0.03293762]
 [0.11554784 0.23419078 0.32620369 0.16842495 0.66706097 0.04050279]
 [0.53539738 0.63058235 0.3958296  0.36590783 0.48058931 0.09699721]
 [0.47405478 0.414791   0.4233041  0.41884138 0.52478761 0.09925512]
 [0.55729167 0.85459093 0.42956864 0.27096058 0.48317023 0.08763966]
 [0.59346065 0.48088603 0.71433685 0.49916713 0.54694053 0.20435289]
 [0.36342593 0.4807074  0.36289601 0.27854895 0.45413485 0.02430168]
 [0.17689043 0.50625223 0.15634509 0.08634092 0.469943   0.02509311]
 [0.10599923 0.41139693 0.08949347 0.06746252 0.59070868 0.04290037]
 [0.46518133 0.68953198 0.57964919 0.26790672 0.79019249 0.1564013 ]
 [0.18422068 0.27224009 0.24682298 0.214603   0.52123884 0.02623371]
 [0.4916088  0.65916399 0.56810453 0.30908754 0.43585332 0.21682961]
 [0.07417052 0.20757413 0.20261321 0.14251342 0.5793096  0.02527933]]

Iteração: 6 :::::::::::::::::
