Dados de Treino. K usado: 14

[[0.35927855 0.36923901 0.3055307  0.33240792 0.44994085 0.09972067]
 [0.41869213 0.39210432 0.54089851 0.37747548 0.37627702 0.09487896]
 [0.12065972 0.34905323 0.23268301 0.11391819 0.58963329 0.0320298 ]
 ...
 [0.18537809 0.30921758 0.13459817 0.19655747 0.50747392 0.00088454]
 [0.05140818 0.25687746 0.09199928 0.09522488 0.4704807  0.03596369]
 [0.35889275 0.4746338  0.47879005 0.27734592 0.65512421 0.11317505]]
Dados de Teste. K usado: 14

[[0.36140046 0.41943551 0.31635941 0.30825467 0.50553823 0.02490689]
 [0.42756559 0.34012147 0.43332737 0.41291875 0.47435208 0.15819367]
 [0.06645448 0.11128975 0.04537319 0.18508236 0.54102592 0.04750931]
 [0.33053627 0.21114684 0.40996957 0.38663705 0.41886224 0.09620577]
 [0.1644483  0.46820293 0.18793628 0.09411438 0.58898806 0.01894786]
 [0.18856096 0.30743123 0.25577233 0.20053674 0.64630605 0.01785382]
 [0.52729552 0.46070025 0.42634688 0.44614103 0.20851704 0.12856145]
 [0.26716821 0.46052161 0.16806873 0.19665001 0.55479084 0.03815177]
 [0.27777778 0.22186495 0.34902452 0.3305571  0.61178621 0.0242784 ]
 [0.07937886 0.15380493 0.16457849 0.17536554 0.62608883 0.01790037]
 [0.2576196  0.28510182 0.29523895 0.27836387 0.5700613  0.03007449]
 [0.26446759 0.48249375 0.17093252 0.18267629 0.4397247  0.04213222]
 [0.16589506 0.25044659 0.12591731 0.2083102  0.45918916 0.03912942]
 [0.09625772 0.52357985 0.1342402  0.         0.48929992 0.01820298]
 [0.19521605 0.3149339  0.16234115 0.20303535 0.3085278  0.04061918]
 [0.38927469 0.4903537  0.15867192 0.29835277 0.63254113 0.02928305]
 [0.20746528 0.35423365 0.20297118 0.19442902 0.3029358  0.04033985]
 [0.60628858 0.58288675 0.49239306 0.45872663 0.44520916 0.03985102]
 [0.59346065 0.48088603 0.71433685 0.49916713 0.54694053 0.20435289]
 [0.04947917 0.17309753 0.16609987 0.13659078 0.63372406 0.03417132]
 [1.         0.26705966 0.30767854 1.         0.40445209 1.        ]
 [0.23881173 0.23633441 0.15124396 0.28567463 0.51693731 0.02327747]
 [0.4916088  0.65916399 0.56810453 0.30908754 0.43585332 0.21682961]
 [0.21180556 0.38370847 0.19294791 0.18332408 0.58049253 0.04425047]
 [0.36284722 0.34494462 0.45963845 0.348325   0.21228089 0.1560987 ]
 [0.57320602 0.66112897 0.57481654 0.38635943 0.4816647  0.1849162 ]
 [0.46518133 0.68953198 0.57964919 0.26790672 0.79019249 0.1564013 ]
 [0.55217978 0.72990354 0.57651691 0.3305571  0.43434778 0.14136406]
 [0.34403935 0.35994998 0.44746733 0.32250602 0.55597376 0.02877095]
 [0.17013889 0.35869954 0.25675676 0.15630205 0.59060114 0.05668063]
 [0.13599537 0.36566631 0.09951674 0.11993337 0.64791913 0.03093575]
 [0.34008488 0.57038228 0.2246286  0.20969832 0.3583181  0.07658287]
 [0.12451775 0.29671311 0.0986218  0.14464187 0.47671793 0.0363594 ]
 [0.03858025 0.32993926 0.17898693 0.04497501 0.45811378 0.05242086]
 [0.66772762 0.56037871 0.72632898 0.52924301 0.20679643 0.15996276]
 [0.1408179  0.14987496 0.32217648 0.23635018 0.74384342 0.02730447]
 [0.23659336 0.23240443 0.18793628 0.28548954 0.50016131 0.02525605]
 [0.22839506 0.41604144 0.12529085 0.18249121 0.55231745 0.03019088]
 [0.13753858 0.09324759 0.15195991 0.26253933 0.52973438 0.01138268]
 [0.09384645 0.13683458 0.26364775 0.19803813 0.61124852 0.02195065]
 [0.22038966 0.35119686 0.33891176 0.2083102  0.60565652 0.02700186]
 [0.20823688 0.33297606 0.22373367 0.20627429 0.51005484 0.07621043]
 [0.46846065 0.46998928 0.61517809 0.38487877 0.42241101 0.10328212]
 [0.15306713 0.         0.48236979 0.3258375  0.44639209 0.08938547]
 [0.58179012 0.83690604 0.4218722  0.30353507 0.29379503 0.15551676]
 [0.62075617 0.62200786 0.49946304 0.45224875 0.33132595 0.16266294]
 [0.14014275 0.28045731 0.15231788 0.16805478 0.74244542 0.01990223]
 [0.23881173 0.52822437 0.29532844 0.13446234 0.509087   0.01985568]
 [0.25337577 0.45659164 0.19572221 0.18545253 0.49983869 0.02967877]
 [0.23726852 0.47856377 0.20583497 0.15870813 0.56199591 0.03107542]
 [0.2888696  0.35119686 0.43529622 0.27419952 0.49628992 0.09830074]
 [0.60252701 0.63665595 0.30034008 0.42717009 0.55575868 0.14634544]
 [0.17525077 0.34101465 0.19778056 0.17036831 0.58113776 0.03836127]
 [0.15788966 0.37388353 0.1013066  0.13668332 0.63264867 0.02751397]
 [0.15027006 0.33583423 0.14426347 0.14908384 0.50016131 0.02285847]
 [0.39650849 0.2454448  0.33739037 0.43216731 0.29809657 0.12383613]
 [0.2734375  0.2388353  0.29532844 0.31750879 0.44854285 0.01547952]
 [0.40171682 0.41264737 0.26185788 0.35054599 0.53349823 0.03708101]
 [0.1248071  0.21596999 0.11571505 0.1867481  0.66136144 0.02397579]
 [0.19974923 0.39121115 0.21478432 0.16777716 0.496505   0.02960894]
 [0.17457562 0.13665595 0.21478432 0.27558764 0.30315088 0.0814013 ]
 [0.11554784 0.23419078 0.32620369 0.16842495 0.66706097 0.04050279]]

Iteração: 16 :::::::::::::::::
