Dados de Treino. K usado: 14

[[0.4916088  0.65916399 0.56810453 0.30908754 0.43585332 0.21682961]
 [0.41714892 0.45462665 0.55459101 0.3436054  0.36025379 0.02472067]
 [0.46846065 0.37281172 0.16556291 0.43522117 0.39896763 0.11191806]
 ...
 [0.20978009 0.36030725 0.19688563 0.19359615 0.50940961 0.01585196]
 [0.17457562 0.13665595 0.21478432 0.27558764 0.30315088 0.0814013 ]
 [0.20418596 0.27009646 0.19294791 0.23486952 0.54306915 0.02953911]]
Dados de Teste. K usado: 14

[[0.27777778 0.22186495 0.34902452 0.3305571  0.61178621 0.0242784 ]
 [0.41936728 0.49428367 0.34696617 0.32509717 0.50241962 0.15335196]
 [0.14949846 0.27491961 0.19715411 0.17990006 0.49983869 0.01166201]
 [0.62075617 0.62200786 0.49946304 0.45224875 0.33132595 0.16266294]
 [0.12065972 0.34905323 0.23268301 0.11391819 0.58963329 0.0320298 ]
 [0.36467978 0.40389425 0.43959191 0.3195447  0.77728788 0.04040968]
 [0.47540509 0.68042158 0.67657061 0.28252823 0.39520379 0.15370112]
 [0.46161265 0.49428367 0.38822266 0.36563021 0.53909022 0.19930168]
 [0.23804012 0.27884959 0.37855737 0.26272441 0.09592429 0.07937616]
 [0.26552855 0.35727045 0.24682298 0.24865815 0.471341   0.03212291]
 [0.12741127 0.24222937 0.20583497 0.17564316 0.51338854 0.0301676 ]
 [0.31520062 0.78831726 1.         0.07292245 0.70491451 0.29881285]
 [0.26803627 0.48713826 0.13620906 0.18369424 0.47628777 0.02476723]
 [0.19974923 0.39121115 0.21478432 0.16777716 0.496505   0.02960894]
 [0.27748843 0.49321186 0.25237158 0.18961688 0.59285945 0.0314013 ]
 [0.15788966 0.37388353 0.1013066  0.13668332 0.63264867 0.02751397]
 [0.30815972 0.38210075 0.58752461 0.27660559 0.46789977 0.14269088]
 [0.31221065 0.36566631 0.24583855 0.28900611 0.48854716 0.0964851 ]
 [0.42756559 0.34012147 0.43332737 0.41291875 0.47435208 0.15819367]
 [0.28317901 0.47606288 0.2684804  0.2040533  0.56532961 0.10616853]
 [0.36342593 0.4807074  0.36289601 0.27854895 0.45413485 0.02430168]
 [0.22723765 0.28938907 0.12815464 0.24699241 0.40961394 0.04418063]
 [0.12104552 0.35709182 0.15213889 0.10993892 0.57081407 0.02907356]
 [0.46238426 0.45319757 0.55512798 0.38774755 0.62727175 0.19657821]
 [0.18258102 0.33690604 0.27367102 0.17952989 0.83675664 0.00493482]
 [0.25337577 0.45659164 0.19572221 0.18545253 0.49983869 0.02967877]
 [0.21383102 0.42872454 0.30427779 0.16194707 0.63340144 0.02362663]
 [0.15027006 0.33583423 0.14426347 0.14908384 0.50016131 0.02285847]
 [0.35889275 0.4746338  0.47879005 0.27734592 0.65512421 0.11317505]
 [0.09625772 0.52357985 0.1342402  0.         0.48929992 0.01820298]
 [0.39207176 0.37692033 0.51977806 0.35980011 0.13313259 0.12278864]
 [0.46701389 0.39782065 0.39931985 0.42078475 0.38004086 0.02714153]
 [0.52565586 0.58753126 0.41972436 0.37886359 0.5379073  0.14788175]
 [0.26716821 0.46052161 0.16806873 0.19665001 0.55479084 0.03815177]
 [0.23881173 0.52822437 0.29532844 0.13446234 0.509087   0.01985568]
 [0.13695988 0.29903537 0.21451584 0.1552841  0.62297021 0.02681564]
 [0.19521605 0.3149339  0.16234115 0.20303535 0.3085278  0.04061918]
 [0.60628858 0.58288675 0.49239306 0.45872663 0.44520916 0.03985102]
 [0.32687114 0.37263308 0.39412923 0.29946326 0.37692225 0.09653166]
 [0.35927855 0.36923901 0.3055307  0.33240792 0.44994085 0.09972067]
 [0.3675733  0.37602715 0.26758547 0.33675736 0.48725669 0.03959497]
 [0.14486883 0.42640229 0.17424378 0.09698316 0.497903   0.00346834]
 [0.55680941 0.52929618 0.65455522 0.43892282 0.58683729 0.21326816]
 [0.44839892 0.45516256 0.48326472 0.37331112 0.50414023 0.08482309]
 [0.23206019 0.64862451 0.19778056 0.06551916 0.62598129 0.03910615]
 [0.37991898 0.54858878 0.28441024 0.25920785 0.71362512 0.06387337]
 [0.52980324 0.49678457 0.57964919 0.42994633 0.21496935 0.14017691]
 [0.17013889 0.35869954 0.25675676 0.15630205 0.59060114 0.05668063]
 [0.21180556 0.38370847 0.19294791 0.18332408 0.58049253 0.04425047]
 [0.40952932 0.386388   0.43860748 0.37164538 0.5737176  0.11769088]
 [0.40171682 0.41264737 0.26185788 0.35054599 0.53349823 0.03708101]
 [0.63001543 0.55484101 0.63200286 0.49592819 0.50790408 0.14823091]
 [0.34008488 0.57038228 0.2246286  0.20969832 0.3583181  0.07658287]
 [0.38117284 0.3052876  0.38025774 0.38635943 0.42026024 0.15128026]
 [0.4455054  0.41032512 0.41050653 0.39376272 0.         0.05384078]
 [0.36410108 0.36191497 0.43064256 0.34073663 0.47370685 0.12216015]
 [0.23090278 0.35691318 0.18310363 0.21552841 0.52747607 0.03293762]
 [0.24479167 0.3585209  0.18793628 0.22802147 0.60909775 0.05817039]
 [0.66869213 0.94855305 0.4027206  0.32907644 0.28605226 0.20563315]
 [0.4294946  0.50464452 0.40433148 0.3294466  0.3541241  0.09047952]
 [0.17727623 0.28545909 0.34007517 0.20109199 0.69502097 0.09350559]
 [0.50482253 0.51321901 0.41166995 0.39737183 0.52102377 0.08947858]]

Iteração: 10 :::::::::::::::::
