Dados de Treino. K usado: 14

[[0.39795525 0.42854591 0.41292286 0.33870072 0.44133778 0.10293296]
 [0.1956983  0.26705966 0.13459817 0.22839163 0.48822454 0.03051676]
 [0.2576196  0.28510182 0.29523895 0.27836387 0.5700613  0.03007449]
 ...
 [0.49151235 0.66130761 0.49650975 0.30788451 0.45241424 0.19045624]
 [0.18258102 0.33690604 0.27367102 0.17952989 0.83675664 0.00493482]
 [0.46701389 0.39782065 0.39931985 0.42078475 0.38004086 0.02714153]]
Dados de Teste. K usado: 14

[[0.22723765 0.28938907 0.12815464 0.24699241 0.40961394 0.04418063]
 [0.26552855 0.35727045 0.24682298 0.24865815 0.471341   0.03212291]
 [0.36439043 0.47374062 0.2342939  0.28308347 0.46230778 0.        ]
 [0.34403935 0.35994998 0.44746733 0.32250602 0.55597376 0.02877095]
 [0.4132909  0.35441229 0.37202434 0.39181936 0.60791483 0.05095438]
 [0.26803627 0.48713826 0.13620906 0.18369424 0.47628777 0.02476723]
 [0.20418596 0.27009646 0.19294791 0.23486952 0.54306915 0.02953911]
 [0.41714892 0.45462665 0.55459101 0.3436054  0.36025379 0.02472067]
 [0.1408179  0.14987496 0.32217648 0.23635018 0.74384342 0.02730447]
 [0.20978009 0.36030725 0.19688563 0.19359615 0.50940961 0.01585196]
 [0.08304398 0.16398714 0.13871487 0.17351471 0.61361437 0.02467412]
 [0.22791281 0.23258307 0.34902452 0.27716084 0.43854178 0.08472998]
 [0.11921296 0.41997142 0.18892071 0.07560614 0.61888375 0.04434358]
 [0.12104552 0.35709182 0.15213889 0.10993892 0.57081407 0.02907356]
 [0.41059028 1.         0.48380168 0.05478438 0.59081622 0.15304935]
 [0.26446759 0.48249375 0.17093252 0.18267629 0.4397247  0.04213222]
 [0.45148534 0.46677385 0.42070879 0.37025726 0.4425207  0.02763035]
 [0.3820409  0.2926045  0.32951495 0.39376272 0.3689644  0.1172486 ]
 [0.04899691 0.4335477  0.01342402 0.00138812 0.53747715 0.02690875]
 [0.09211034 0.46427295 0.05996062 0.0267444  0.72545435 0.02513966]
 [0.35889275 0.4746338  0.47879005 0.27734592 0.65512421 0.11317505]
 [0.25337577 0.45659164 0.19572221 0.18545253 0.49983869 0.02967877]
 [0.29793596 0.12325831 0.315017   0.4008884  0.35455425 0.14718343]
 [0.31471836 0.25401929 0.3520673  0.34934296 0.30562426 0.14581006]
 [0.49681713 0.51768489 0.71496331 0.38728484 0.56973868 0.16822626]
 [0.59673997 0.82868882 0.60649723 0.32213585 0.50026885 0.15789106]
 [0.34047068 0.5223294  0.28790048 0.23486952 0.59780622 0.01943669]
 [0.86583719 0.78724544 0.56201897 0.60188784 0.3722981  0.21475791]
 [0.38715278 0.58735263 0.29980311 0.246067   0.54995161 0.02388268]
 [0.16174769 0.01250447 0.39377125 0.32750324 0.55414561 0.01792365]
 [0.29436728 0.35744909 0.26642205 0.27614288 0.25389827 0.07488361]
 [0.25125386 0.4244373  0.57356363 0.20007403 0.71932466 0.15363128]
 [0.39891975 0.71150411 0.73635225 0.19313344 0.81213034 0.23128492]
 [0.23090278 0.35691318 0.18310363 0.21552841 0.52747607 0.03293762]
 [0.3675733  0.37602715 0.26758547 0.33675736 0.48725669 0.03959497]
 [0.24266975 0.27563416 0.38482191 0.26901721 0.60640929 0.0207635 ]
 [0.63001543 0.55484101 0.63200286 0.49592819 0.50790408 0.14823091]
 [0.4294946  0.50464452 0.40433148 0.3294466  0.3541241  0.09047952]
 [0.30034722 0.38763844 0.44746733 0.26624098 0.50177438 0.09636872]
 [0.36467978 0.40389425 0.43959191 0.3195447  0.77728788 0.04040968]
 [0.07417052 0.20757413 0.20261321 0.14251342 0.5793096  0.02527933]
 [0.18701775 0.35048232 0.14587435 0.17675366 0.51510915 0.01412942]
 [0.57040895 0.44355127 0.77626633 0.49639089 0.43639101 0.16280261]
 [0.38059414 0.53036799 0.43475926 0.26929484 0.5812453  0.01624767]
 [0.21846065 0.43890675 0.34007517 0.1611142  0.74276804 0.05004655]
 [0.26803627 0.28331547 0.26042599 0.28937627 0.58414883 0.08412477]
 [0.4837963  0.86602358 0.70950421 0.19442902 0.66878159 0.2613594 ]
 [0.26311728 0.40032154 0.20735636 0.22394966 0.54296161 0.03968808]
 [0.33256173 0.48499464 0.45229998 0.24671479 0.50704377 0.2698324 ]
 [0.14486883 0.42640229 0.17424378 0.09698316 0.497903   0.00346834]
 [0.56857639 0.4933905  0.69563272 0.46881362 0.41918486 0.11426909]
 [0.15788966 0.37388353 0.1013066  0.13668332 0.63264867 0.02751397]
 [0.43209877 0.47713469 0.43726508 0.3462891  0.49575223 0.1014432 ]
 [0.35570988 0.60539478 0.33658493 0.20655192 0.47779331 0.04306331]
 [0.63541667 0.74919614 0.56756757 0.40033315 0.49080546 0.16089385]
 [0.62075617 0.62200786 0.49946304 0.45224875 0.33132595 0.16266294]
 [0.16435185 0.29528403 0.13370324 0.18369424 0.57414776 0.02979516]
 [0.39429012 0.35423365 0.46670843 0.37368129 0.3294978  0.10486499]
 [0.16589506 0.25044659 0.12591731 0.2083102  0.45918916 0.03912942]
 [0.39679784 0.41568417 0.33112583 0.34425319 0.72599204 0.0372905 ]
 [0.33371914 0.39835656 0.26132092 0.29270775 0.4620927  0.09951117]
 [0.14014275 0.28045731 0.15231788 0.16805478 0.74244542 0.01990223]]

Iteração: 18 :::::::::::::::::
