Dados de Treino. K usado: 14

[[0.58179012 0.83690604 0.4218722  0.30353507 0.29379503 0.15551676]
 [0.04947917 0.17309753 0.16609987 0.13659078 0.63372406 0.03417132]
 [0.42756559 0.34012147 0.43332737 0.41291875 0.47435208 0.15819367]
 ...
 [0.15027006 0.33583423 0.14426347 0.14908384 0.50016131 0.02285847]
 [0.49151235 0.66130761 0.49650975 0.30788451 0.45241424 0.19045624]
 [0.47540509 0.68042158 0.67657061 0.28252823 0.39520379 0.15370112]]
Dados de Teste. K usado: 14

[[4.97106481e-01 4.98928189e-01 4.51315554e-01 3.97371830e-01
  4.81127003e-01 8.84310987e-02]
 [4.89969136e-02 4.33547696e-01 1.34240200e-02 1.38811771e-03
  5.37477148e-01 2.69087523e-02]
 [5.70408951e-01 4.43551268e-01 7.76266333e-01 4.96390894e-01
  4.36391010e-01 1.62802607e-01]
 [5.70987654e-01 3.99964273e-01 5.16108824e-01 5.19526189e-01
  5.84363910e-01 2.02700186e-01]
 [4.66049383e-01 7.11504109e-01 4.73778414e-01 2.57449565e-01
  8.21486181e-01 3.16666667e-01]
 [3.08159722e-01 3.82100750e-01 5.87524611e-01 2.76605589e-01
  4.67899774e-01 1.42690875e-01]
 [2.38811728e-01 5.28224366e-01 2.95328441e-01 1.34462336e-01
  5.09086999e-01 1.98556797e-02]
 [2.75752315e-01 3.33154698e-01 2.41632361e-01 2.70960577e-01
  5.11452844e-01 1.19739292e-01]
 [2.69965278e-01 3.30296534e-01 2.59531054e-01 2.66888766e-01
  5.60597914e-01 2.60940410e-02]
 [2.88869599e-01 3.51196856e-01 4.35296223e-01 2.74199519e-01
  4.96289924e-01 9.83007449e-02]
 [2.18460648e-01 4.38906752e-01 3.40075175e-01 1.61114196e-01
  7.42768040e-01 5.00465549e-02]
 [2.40451389e-01 3.70846731e-01 1.96438160e-01 2.17471775e-01
  4.91665771e-01 4.18296089e-02]
 [1.85378086e-01 3.09217578e-01 1.34598174e-01 1.96557468e-01
  5.07473922e-01 8.84543762e-04]
 [2.53375772e-01 4.56591640e-01 1.95722212e-01 1.85452526e-01
  4.99838692e-01 2.96787709e-02]
 [2.65528549e-01 3.57270454e-01 2.46822982e-01 2.48658153e-01
  4.71341004e-01 3.21229050e-02]
 [3.33719136e-01 3.98356556e-01 2.61320924e-01 2.92707755e-01
  4.62092698e-01 9.95111732e-02]
 [2.79031636e-01 4.98392283e-02 3.75872561e-01 4.20784749e-01
  4.28433165e-01 9.96973929e-02]
 [2.93306327e-01 2.77063237e-01 3.45265796e-01 3.16768462e-01
  3.08635337e-01 1.43761639e-01]
 [1.88560957e-01 3.07431225e-01 2.55772329e-01 2.00536739e-01
  6.46306054e-01 1.78538175e-02]
 [1.93769290e-01 2.96713112e-01 2.05834974e-01 2.10993892e-01
  6.23507904e-01 1.38733706e-02]
 [1.74575617e-01 1.36655949e-01 2.14784321e-01 2.75587636e-01
  3.03150876e-01 8.14013035e-02]
 [4.25057870e-01 8.28331547e-01 4.84338643e-01 1.57597631e-01
  8.43639101e-01 3.64152700e-01]
 [3.92071759e-01 3.76920329e-01 5.19778056e-01 3.59800111e-01
  1.33132595e-01 1.22788641e-01]
 [1.01658951e-01 2.06502322e-01 2.50134240e-01 1.69442902e-01
  1.52274438e-01 2.72811918e-02]
 [0.00000000e+00 3.09217578e-01 0.00000000e+00 1.86933185e-02
  5.92751909e-01 2.25791434e-03]
 [5.77642747e-01 8.09217578e-01 3.03114373e-01 3.13899685e-01
  5.59307452e-01 1.70041899e-01]
 [4.83796296e-01 8.66023580e-01 7.09504206e-01 1.94429021e-01
  6.68781589e-01 2.61359404e-01]
 [2.32060185e-01 6.48624509e-01 1.97780562e-01 6.55191560e-02
  6.25981288e-01 3.91061453e-02]
 [6.12750772e-01 7.01143265e-01 6.18668337e-01 4.03572090e-01
  6.43940209e-01 2.39967412e-01]
 [1.74286265e-01 1.43979993e-01 2.87363522e-01 2.71515825e-01
  4.14560705e-01 1.25395717e-01]
 [1.95023148e-01 2.99571275e-01 2.56846250e-01 2.10901351e-01
  5.50274223e-01 2.44878957e-02]
 [3.62847222e-01 3.44944623e-01 4.59638446e-01 3.48325005e-01
  2.12280890e-01 1.56098696e-01]
 [2.88194444e-01 4.08181493e-01 4.32074459e-01 2.43938553e-01
  4.72523927e-01 2.03212291e-02]
 [3.55709877e-01 6.05394784e-01 3.36584929e-01 2.06551916e-01
  4.77793311e-01 4.30633147e-02]
 [1.30304784e-01 4.06573776e-01 2.02881690e-01 9.32815103e-02
  6.65017744e-01 1.41759777e-02]
 [4.42708333e-01 5.58235084e-01 5.89493467e-01 3.14454932e-01
  3.98860092e-01 1.57099628e-01]
 [1.80941358e-01 2.99571275e-01 2.74118489e-01 1.97390339e-01
  6.45230670e-01 1.12709497e-01]
 [4.47627315e-01 4.27652733e-01 3.40075175e-01 3.86914677e-01
  5.28121303e-01 1.00488827e-01]
 [8.30439815e-02 1.63987138e-01 1.38714874e-01 1.73514714e-01
  6.13614367e-01 2.46741155e-02]
 [2.07465278e-01 3.54233655e-01 2.02971183e-01 1.94429021e-01
  3.02935800e-01 4.03398510e-02]
 [5.04822531e-01 5.13219007e-01 4.11669948e-01 3.97371830e-01
  5.21023766e-01 8.94785847e-02]
 [3.74807099e-01 6.10039300e-01 3.30678360e-01 2.22468999e-01
  5.00053769e-01 4.20856611e-02]
 [1.13329475e-01 1.97034655e-01 9.58475031e-02 1.85545068e-01
  9.43864932e-01 1.03980447e-01]
 [3.47125772e-01 3.66380850e-01 3.93771255e-01 3.22135850e-01
  6.79642972e-01 3.72905028e-02]
 [4.18692130e-01 3.92104323e-01 5.40898514e-01 3.77475477e-01
  3.76277019e-01 9.48789572e-02]
 [3.59278549e-01 3.69239014e-01 3.05530696e-01 3.32407922e-01
  4.49940854e-01 9.97206704e-02]
 [1.64448302e-01 4.68202930e-01 1.87936281e-01 9.41143809e-02
  5.88988063e-01 1.89478585e-02]
 [1.75250772e-01 3.41014648e-01 1.97780562e-01 1.70368314e-01
  5.81137757e-01 3.83612663e-02]
 [2.51253858e-01 4.24437299e-01 5.73563630e-01 2.00074033e-01
  7.19324659e-01 1.53631285e-01]
 [4.92766204e-01 4.16041443e-01 3.20207625e-01 4.36146585e-01
  4.36713625e-01 1.18365922e-01]
 [4.70968364e-01 3.83529832e-01 3.55557544e-01 4.31982232e-01
  3.82514249e-01 2.94459963e-02]
 [9.21103395e-02 4.64272955e-01 5.99606229e-02 2.67444013e-02
  7.25454350e-01 2.51396648e-02]
 [2.27237654e-01 3.49946409e-01 1.55092178e-01 2.15620951e-01
  4.14775782e-01 7.51862197e-03]
 [9.62577160e-02 5.23579850e-01 1.34240200e-01 0.00000000e+00
  4.89299925e-01 1.82029795e-02]
 [2.93788580e-01 4.17113255e-01 2.50581708e-01 2.44678882e-01
  6.15227444e-01 8.16573557e-02]
 [3.97955247e-01 4.28545909e-01 4.12922857e-01 3.38700722e-01
  4.41337778e-01 1.02932961e-01]
 [5.73206019e-01 6.61128975e-01 5.74816538e-01 3.86359430e-01
  4.81664695e-01 1.84916201e-01]
 [5.30092593e-01 4.86602358e-01 4.17844997e-01 4.35406256e-01
  2.57447037e-01 1.20041899e-01]
 [4.34895833e-01 2.11146838e-01 6.44352962e-01 4.86766611e-01
  4.36821164e-01 1.14804469e-01]
 [4.19367284e-01 4.94283673e-01 3.46966171e-01 3.25097168e-01
  5.02419615e-01 1.53351955e-01]
 [8.87249228e-01 8.03858521e-01 3.29693932e-01 6.13825652e-01
  1.17647059e-01 1.98091248e-01]
 [4.68460648e-01 3.72811718e-01 1.65562914e-01 4.35221173e-01
  3.98967631e-01 1.11918063e-01]]

Iteração: 1 :::::::::::::::::
