Dados de Treino. K usado: 14

[[0.33053627 0.21114684 0.40996957 0.38663705 0.41886224 0.09620577]
 [0.42062114 0.46141479 0.30875246 0.34342032 0.28400903 0.14485568]
 [0.57040895 0.44355127 0.77626633 0.49639089 0.43639101 0.16280261]
 ...
 [0.46846065 0.37281172 0.16556291 0.43522117 0.39896763 0.11191806]
 [0.61101466 0.99053233 0.51906211 0.25198964 0.69416066 0.30123371]
 [0.4839892  0.87441944 0.38661178 0.19026467 0.58275083 0.14243482]]
Dados de Teste. K usado: 14

[[0.11477623 0.26527331 0.10954    0.15148991 0.57769653 0.03479981]
 [0.26716821 0.46052161 0.16806873 0.19665001 0.55479084 0.03815177]
 [0.56732253 0.70685959 0.41936639 0.35702388 0.59769868 0.19876629]
 [0.26977238 0.59306895 0.19088957 0.13048306 0.55242499 0.02939944]
 [0.2576196  0.28510182 0.29523895 0.27836387 0.5700613  0.03007449]
 [0.46971451 0.36548767 0.43574369 0.44031094 0.485321   0.10295624]
 [0.18258102 0.33690604 0.27367102 0.17952989 0.83675664 0.00493482]
 [0.35927855 0.36923901 0.3055307  0.33240792 0.44994085 0.09972067]
 [0.18701775 0.35048232 0.14587435 0.17675366 0.51510915 0.01412942]
 [0.24565972 0.40228653 0.18793628 0.20627429 0.63781052 0.0280959 ]
 [0.36410108 0.36191497 0.43064256 0.34073663 0.47370685 0.12216015]
 [0.51880787 0.45230439 0.44129229 0.4422543  0.48080439 0.11545624]
 [0.46518133 0.68953198 0.57964919 0.26790672 0.79019249 0.1564013 ]
 [0.17563657 0.2768846  0.29443351 0.2040533  0.63598236 0.03736034]
 [0.57378472 0.87959986 0.5794702  0.27373681 0.37702979 0.12558194]
 [0.46604938 0.71150411 0.47377841 0.25744957 0.82148618 0.31666667]
 [0.49681713 0.51768489 0.71496331 0.38728484 0.56973868 0.16822626]
 [0.15306713 0.         0.48236979 0.3258375  0.44639209 0.08938547]
 [0.26803627 0.48713826 0.13620906 0.18369424 0.47628777 0.02476723]
 [0.50424383 0.71418364 0.55736531 0.29270775 0.73631573 0.20535382]
 [0.17689043 0.50625223 0.15634509 0.08634092 0.469943   0.02509311]
 [0.57320602 0.66112897 0.57481654 0.38635943 0.4816647  0.1849162 ]
 [0.52961034 0.48856735 0.69608019 0.4339256  0.59522529 0.11461825]
 [0.26996528 0.33029653 0.25953105 0.26688877 0.56059791 0.02609404]
 [0.22839506 0.41604144 0.12529085 0.18249121 0.55231745 0.03019088]
 [0.41869213 0.39210432 0.54089851 0.37747548 0.37627702 0.09487896]
 [0.19502315 0.29957128 0.25684625 0.21090135 0.55027422 0.0244879 ]
 [0.33256173 0.48499464 0.45229998 0.24671479 0.50704377 0.2698324 ]
 [0.49151235 0.66130761 0.49650975 0.30788451 0.45241424 0.19045624]
 [0.41618441 0.55734191 0.2712547  0.28937627 0.34186472 0.05183892]
 [0.4455054  0.41032512 0.41050653 0.39376272 0.         0.05384078]
 [0.46238426 0.45319757 0.55512798 0.38774755 0.62727175 0.19657821]
 [0.21392747 0.51411218 0.19849651 0.11780492 0.50865684 0.04082868]
 [0.58179012 0.83690604 0.4218722  0.30353507 0.29379503 0.15551676]
 [0.39891975 0.71150411 0.73635225 0.19313344 0.81213034 0.23128492]
 [0.09211034 0.46427295 0.05996062 0.0267444  0.72545435 0.02513966]
 [0.04427083 0.3554841  0.19599069 0.03720155 0.77782557 0.02106611]
 [0.22723765 0.34994641 0.15509218 0.21562095 0.41477578 0.00751862]
 [0.22038966 0.35119686 0.33891176 0.2083102  0.60565652 0.02700186]
 [0.3675733  0.37602715 0.26758547 0.33675736 0.48725669 0.03959497]
 [0.28636188 0.6323687  0.30150349 0.12613363 0.57242714 0.03228585]
 [0.30034722 0.38763844 0.44746733 0.26624098 0.50177438 0.09636872]
 [0.37287809 0.38799571 0.40128871 0.33564686 0.44735993 0.07558194]
 [0.17013889 0.35869954 0.25675676 0.15630205 0.59060114 0.05668063]
 [0.17457562 0.13665595 0.21478432 0.27558764 0.30315088 0.0814013 ]
 [0.43258102 0.78724544 0.63128692 0.18619286 0.59232176 0.18349628]
 [0.17525077 0.34101465 0.19778056 0.17036831 0.58113776 0.03836127]
 [0.31298225 0.11236156 0.3356005  0.42096983 0.34369287 0.09106145]
 [0.52893519 0.77509825 0.65294434 0.28474921 0.7636305  0.22562849]
 [0.38117284 0.3052876  0.38025774 0.38635943 0.42026024 0.15128026]
 [0.6560571  0.39174705 0.48066941 0.6054044  0.48187977 0.14972067]
 [0.11332948 0.19703466 0.0958475  0.18554507 0.94386493 0.10398045]
 [0.11168981 0.28474455 0.25058171 0.13862669 0.70609743 0.05758845]
 [0.66869213 0.94855305 0.4027206  0.32907644 0.28605226 0.20563315]
 [0.24286265 0.36048589 0.17236442 0.22506015 0.6584579  0.02991155]
 [0.52999614 0.5598428  0.57177376 0.39737183 0.87923433 0.17753724]
 [0.36805556 0.58735263 0.33076785 0.22774385 0.38821379 0.03300745]
 [0.46701389 0.39782065 0.39931985 0.42078475 0.38004086 0.02714153]
 [0.16174769 0.01250447 0.39377125 0.32750324 0.55414561 0.01792365]
 [0.66772762 0.56037871 0.72632898 0.52924301 0.20679643 0.15996276]
 [0.         0.30921758 0.         0.01869332 0.59275191 0.00225791]
 [0.14486883 0.42640229 0.17424378 0.09698316 0.497903   0.00346834]]

Iteração: 7 :::::::::::::::::
