Dados de Treino. K usado: 13

[[0.         0.30921758 0.         0.01869332 0.59275191 0.00225791]
 [0.29378858 0.41711325 0.25058171 0.24467888 0.61522744 0.08165736]
 [0.21392747 0.51411218 0.19849651 0.11780492 0.50865684 0.04082868]
 ...
 [0.05140818 0.25687746 0.09199928 0.09522488 0.4704807  0.03596369]
 [0.26803627 0.48713826 0.13620906 0.18369424 0.47628777 0.02476723]
 [0.19560185 0.23526259 0.30517272 0.24467888 0.64813421 0.03144786]]
Dados de Teste. K usado: 13

[[0.55680941 0.52929618 0.65455522 0.43892282 0.58683729 0.21326816]
 [0.40171682 0.41264737 0.26185788 0.35054599 0.53349823 0.03708101]
 [0.3675733  0.37602715 0.26758547 0.33675736 0.48725669 0.03959497]
 [0.29311343 0.37388353 0.27734025 0.26642606 0.34025164 0.08573091]
 [0.47096836 0.38352983 0.35555754 0.43198223 0.38251425 0.029446  ]
 [0.38927469 0.4903537  0.15867192 0.29835277 0.63254113 0.02928305]
 [0.24565972 0.40228653 0.18793628 0.20627429 0.63781052 0.0280959 ]
 [0.24479167 0.3585209  0.18793628 0.22802147 0.60909775 0.05817039]
 [0.35927855 0.36923901 0.3055307  0.33240792 0.44994085 0.09972067]
 [0.21942515 0.21686317 0.37139789 0.27716084 0.7208302  0.07195065]
 [0.31520062 0.78831726 1.         0.07292245 0.70491451 0.29881285]
 [0.41165123 0.51393355 0.32298192 0.30760689 0.38617056 0.01752793]
 [0.31847994 0.37709896 0.26132092 0.28900611 0.54801592 0.0323324 ]
 [0.38117284 0.3052876  0.38025774 0.38635943 0.42026024 0.15128026]
 [0.4132909  0.35441229 0.37202434 0.39181936 0.60791483 0.05095438]
 [0.55729167 0.85459093 0.42956864 0.27096058 0.48317023 0.08763966]
 [0.10599923 0.41139693 0.08949347 0.06746252 0.59070868 0.04290037]
 [0.09625772 0.52357985 0.1342402  0.         0.48929992 0.01820298]
 [0.20978009 0.36030725 0.19688563 0.19359615 0.50940961 0.01585196]
 [0.09008488 0.32600929 0.01422946 0.09642791 0.39638671 0.01769088]
 [0.2810571  0.48213648 0.17898693 0.19877846 0.49252608 0.03403166]
 [0.18258102 0.33690604 0.27367102 0.17952989 0.83675664 0.00493482]
 [0.24045139 0.37084673 0.19643816 0.21747177 0.49166577 0.04182961]
 [0.39650849 0.2454448  0.33739037 0.43216731 0.29809657 0.12383613]
 [0.1644483  0.46820293 0.18793628 0.09411438 0.58898806 0.01894786]
 [0.23070988 0.2799214  0.16260963 0.25522858 0.31863641 0.08805866]
 [0.23157793 0.06395141 0.25058171 0.36794373 0.66372728 0.00644786]
 [0.12451775 0.29671311 0.0986218  0.14464187 0.47671793 0.0363594 ]
 [0.34403935 0.35994998 0.44746733 0.32250602 0.55597376 0.02877095]
 [0.05729167 0.2418721  0.19688563 0.10855081 0.66867405 0.04066574]
 [0.20418596 0.27009646 0.19294791 0.23486952 0.54306915 0.02953911]
 [0.39891975 0.71150411 0.73635225 0.19313344 0.81213034 0.23128492]
 [0.66772762 0.56037871 0.72632898 0.52924301 0.20679643 0.15996276]
 [0.09384645 0.13683458 0.26364775 0.19803813 0.61124852 0.02195065]
 [0.20746528 0.35423365 0.20297118 0.19442902 0.3029358  0.04033985]
 [0.59673997 0.82868882 0.60649723 0.32213585 0.50026885 0.15789106]
 [0.07368827 0.18274384 0.10291749 0.15491394 0.62641144 0.02160149]
 [0.3748071  0.6100393  0.33067836 0.222469   0.50005377 0.04208566]
 [0.30044367 0.54912469 0.29532844 0.18267629 0.50252715 0.03917598]
 [0.52893519 0.77509825 0.65294434 0.28474921 0.7636305  0.22562849]
 [0.52565586 0.58753126 0.41972436 0.37886359 0.5379073  0.14788175]
 [0.41059028 1.         0.48380168 0.05478438 0.59081622 0.15304935]
 [1.         0.26705966 0.30767854 1.         0.40445209 1.        ]
 [0.57378472 0.87959986 0.5794702  0.27373681 0.37702979 0.12558194]
 [0.47540509 0.68042158 0.67657061 0.28252823 0.39520379 0.15370112]
 [0.11332948 0.19703466 0.0958475  0.18554507 0.94386493 0.10398045]
 [0.27748843 0.49321186 0.25237158 0.18961688 0.59285945 0.0314013 ]
 [0.14660494 0.41318328 0.14954358 0.10558949 0.46445854 0.01527002]
 [0.26803627 0.28331547 0.26042599 0.28937627 0.58414883 0.08412477]
 [0.52006173 0.97570561 0.34365491 0.17249676 0.4369287  0.18340317]
 [0.46566358 0.85941408 0.12260605 0.18054784 0.40724809 0.03738361]
 [0.46161265 0.49428367 0.38822266 0.36563021 0.53909022 0.19930168]
 [0.18605324 0.29403358 0.27742975 0.2051638  1.         0.07304469]
 [0.2974537  0.23972847 0.3849114  0.34008884 0.4290784  0.11142924]
 [0.42081404 0.36316542 0.39377125 0.39450305 0.5253253  0.06743482]
 [0.56761188 0.64594498 0.62063719 0.38885804 0.61114098 0.19175978]
 [0.17525077 0.34101465 0.19778056 0.17036831 0.58113776 0.03836127]
 [0.42505787 0.82833155 0.48433864 0.15759763 0.8436391  0.3641527 ]
 [0.18701775 0.35048232 0.14587435 0.17675366 0.51510915 0.01412942]
 [0.39207176 0.37692033 0.51977806 0.35980011 0.13313259 0.12278864]
 [0.5859375  0.70525188 0.30239842 0.37571719 0.69899989 0.26252328]
 [0.25125386 0.4244373  0.57356363 0.20007403 0.71932466 0.15363128]]

Iteração: 13 :::::::::::::::::
