Dados de Treino. K usado: 14

[[0.29330633 0.27706324 0.3452658  0.31676846 0.30863534 0.14376164]
 [0.23726852 0.47856377 0.20583497 0.15870813 0.56199591 0.03107542]
 [0.57417052 0.80743123 0.61464113 0.31149361 0.54586515 0.16997207]
 ...
 [0.31847994 0.37709896 0.26132092 0.28900611 0.54801592 0.0323324 ]
 [0.39795525 0.42854591 0.41292286 0.33870072 0.44133778 0.10293296]
 [0.31221065 0.36566631 0.24583855 0.28900611 0.48854716 0.0964851 ]]
Dados de Teste. K usado: 14

[[0.21238426 0.28831726 0.2300877  0.23329632 0.70480697 0.0382216 ]
 [0.42062114 0.46141479 0.30875246 0.34342032 0.28400903 0.14485568]
 [0.05729167 0.2418721  0.19688563 0.10855081 0.66867405 0.04066574]
 [0.52980324 0.49678457 0.57964919 0.42994633 0.21496935 0.14017691]
 [0.61419753 0.52143623 0.68516198 0.49814918 0.32713195 0.03282123]
 [0.39284336 0.56162915 0.31573295 0.26485286 0.46671685 0.02106611]
 [0.27440201 0.50089318 0.13746197 0.18267629 0.51898054 0.02232309]
 [0.24045139 0.37084673 0.19643816 0.21747177 0.49166577 0.04182961]
 [0.16811343 0.41193283 0.29532844 0.12678142 0.42144317 0.04667132]
 [0.13695988 0.29903537 0.21451584 0.1552841  0.62297021 0.02681564]
 [0.35927855 0.36923901 0.3055307  0.33240792 0.44994085 0.09972067]
 [0.23804012 0.27884959 0.37855737 0.26272441 0.09592429 0.07937616]
 [0.40952932 0.386388   0.43860748 0.37164538 0.5737176  0.11769088]
 [0.22038966 0.35119686 0.33891176 0.2083102  0.60565652 0.02700186]
 [0.12451775 0.29671311 0.0986218  0.14464187 0.47671793 0.0363594 ]
 [0.1636767  0.36387996 0.23581529 0.1474181  0.62845467 0.02800279]
 [0.26977238 0.59306895 0.19088957 0.13048306 0.55242499 0.02939944]
 [0.36410108 0.36191497 0.43064256 0.34073663 0.47370685 0.12216015]
 [0.18701775 0.35048232 0.14587435 0.17675366 0.51510915 0.01412942]
 [0.3820409  0.35298321 0.2684804  0.36257635 0.63781052 0.02113594]
 [0.52565586 0.58753126 0.41972436 0.37886359 0.5379073  0.14788175]
 [0.61101466 0.99053233 0.51906211 0.25198964 0.69416066 0.30123371]
 [0.17139275 0.37031083 0.21326293 0.15148991 0.69233251 0.04075885]
 [0.16946373 0.29224723 0.34007517 0.19007959 0.19733305 0.12090317]
 [0.03858025 0.32993926 0.17898693 0.04497501 0.45811378 0.05242086]
 [0.36304012 0.49839228 0.46536603 0.26910975 0.53199269 0.05456238]
 [0.31298225 0.11236156 0.3356005  0.42096983 0.34369287 0.09106145]
 [0.2810571  0.48213648 0.17898693 0.19877846 0.49252608 0.03403166]
 [0.3820409  0.2926045  0.32951495 0.39376272 0.3689644  0.1172486 ]
 [0.12065972 0.34905323 0.23268301 0.11391819 0.58963329 0.0320298 ]
 [0.14486883 0.42640229 0.17424378 0.09698316 0.497903   0.00346834]
 [0.2888696  0.35119686 0.43529622 0.27419952 0.49628992 0.09830074]
 [0.62075617 0.62200786 0.49946304 0.45224875 0.33132595 0.16266294]
 [0.46971451 0.36548767 0.43574369 0.44031094 0.485321   0.10295624]
 [0.21383102 0.42872454 0.30427779 0.16194707 0.63340144 0.02362663]
 [0.35609568 0.55305466 0.35797387 0.23403665 0.39079471 0.06247672]
 [0.14506173 0.22043587 0.25836764 0.20377568 0.35778041 0.09013035]
 [0.19560185 0.23526259 0.30517272 0.24467888 0.64813421 0.03144786]
 [0.04947917 0.17309753 0.16609987 0.13659078 0.63372406 0.03417132]
 [0.45804398 0.29046088 0.43851799 0.46779567 0.30809764 0.08854749]
 [0.14949846 0.27491961 0.19715411 0.17990006 0.49983869 0.01166201]
 [0.5550733  0.47909968 0.56479327 0.46326115 0.59576299 0.18701117]
 [0.56761188 0.64594498 0.62063719 0.38885804 0.61114098 0.19175978]
 [0.38715278 0.58735263 0.29980311 0.246067   0.54995161 0.02388268]
 [0.41869213 0.39210432 0.54089851 0.37747548 0.37627702 0.09487896]
 [0.         0.30921758 0.         0.01869332 0.59275191 0.00225791]
 [0.88724923 0.80385852 0.32969393 0.61382565 0.11764706 0.19809125]
 [0.57320602 0.66112897 0.57481654 0.38635943 0.4816647  0.1849162 ]
 [0.33053627 0.21114684 0.40996957 0.38663705 0.41886224 0.09620577]
 [0.42756559 0.34012147 0.43332737 0.41291875 0.47435208 0.15819367]
 [0.34133873 0.4685602  0.34804009 0.26364982 0.52274438 0.03696462]
 [0.4916088  0.65916399 0.56810453 0.30908754 0.43585332 0.21682961]
 [0.2576196  0.28510182 0.29523895 0.27836387 0.5700613  0.03007449]
 [0.52893519 0.77509825 0.65294434 0.28474921 0.7636305  0.22562849]
 [0.14660494 0.41318328 0.14954358 0.10558949 0.46445854 0.01527002]
 [0.27748843 0.49321186 0.25237158 0.18961688 0.59285945 0.0314013 ]
 [0.21103395 0.18792426 0.39681403 0.28400888 0.59436499 0.10721601]
 [0.66772762 0.56037871 0.72632898 0.52924301 0.20679643 0.15996276]
 [0.16676312 0.29742765 0.19715411 0.18480474 0.72437897 0.01850559]
 [0.26311728 0.40032154 0.20735636 0.22394966 0.54296161 0.03968808]
 [0.18422068 0.27224009 0.24682298 0.214603   0.52123884 0.02623371]
 [0.26446759 0.48249375 0.17093252 0.18267629 0.4397247  0.04213222]]

Iteração: 17 :::::::::::::::::
