Dados de Treino. K usado: 14

[[0.09211034 0.46427295 0.05996062 0.0267444  0.72545435 0.02513966]
 [0.2810571  0.48213648 0.17898693 0.19877846 0.49252608 0.03403166]
 [0.17428627 0.14397999 0.28736352 0.27151582 0.41456071 0.12539572]
 ...
 [0.59346065 0.48088603 0.71433685 0.49916713 0.54694053 0.20435289]
 [0.48225309 0.50893176 0.61714695 0.37793818 0.57909453 0.05002328]
 [0.46846065 0.37281172 0.16556291 0.43522117 0.39896763 0.11191806]]
Dados de Teste. K usado: 14

[[6.12750772e-01 7.01143265e-01 6.18668337e-01 4.03572090e-01
  6.43940209e-01 2.39967412e-01]
 [3.58892747e-01 4.74633798e-01 4.78790048e-01 2.77345919e-01
  6.55124207e-01 1.13175047e-01]
 [3.59278549e-01 3.69239014e-01 3.05530696e-01 3.32407922e-01
  4.49940854e-01 9.97206704e-02]
 [9.38464506e-02 1.36834584e-01 2.63647754e-01 1.98038127e-01
  6.11248521e-01 2.19506518e-02]
 [6.06288580e-01 5.82886745e-01 4.92393055e-01 4.58726633e-01
  4.45209162e-01 3.98510242e-02]
 [4.51485340e-01 4.66773848e-01 4.20708788e-01 3.70257264e-01
  4.42520701e-01 2.76303538e-02]
 [4.32098765e-01 4.77134691e-01 4.37265080e-01 3.46289099e-01
  4.95752231e-01 1.01443203e-01]
 [4.83989198e-01 8.74419436e-01 3.86611777e-01 1.90264668e-01
  5.82750833e-01 1.42434823e-01]
 [1.70138889e-01 3.58699536e-01 2.56756757e-01 1.56302054e-01
  5.90601140e-01 5.66806331e-02]
 [2.77488426e-01 4.93211861e-01 2.52371577e-01 1.89616880e-01
  5.92859447e-01 3.14013035e-02]
 [1.19212963e-01 4.19971418e-01 1.88920709e-01 7.56061447e-02
  6.18883751e-01 4.43435754e-02]
 [4.83796296e-01 8.66023580e-01 7.09504206e-01 1.94429021e-01
  6.68781589e-01 2.61359404e-01]
 [1.95698302e-01 2.67059664e-01 1.34598174e-01 2.28391634e-01
  4.88224540e-01 3.05167598e-02]
 [5.67322531e-01 7.06859593e-01 4.19366386e-01 3.57023876e-01
  5.97698677e-01 1.98766294e-01]
 [3.14718364e-01 2.54019293e-01 3.52067299e-01 3.49342958e-01
  3.05624261e-01 1.45810056e-01]
 [4.61612654e-01 4.94283673e-01 3.88222660e-01 3.65630205e-01
  5.39090225e-01 1.99301676e-01]
 [1.53067130e-01 0.00000000e+00 4.82369787e-01 3.25837498e-01
  4.46392085e-01 8.93854749e-02]
 [1.27411265e-01 2.42229368e-01 2.05834974e-01 1.75643161e-01
  5.13388536e-01 3.01675978e-02]
 [2.97453704e-01 2.39728474e-01 3.84911401e-01 3.40088840e-01
  4.29078396e-01 1.11429236e-01]
 [6.64544753e-02 1.11289746e-01 4.53731878e-02 1.85082362e-01
  5.41025917e-01 4.75093110e-02]
 [5.81790123e-01 8.36906038e-01 4.21872203e-01 3.03535073e-01
  2.93795032e-01 1.55516760e-01]
 [3.62847222e-01 3.44944623e-01 4.59638446e-01 3.48325005e-01
  2.12280890e-01 1.56098696e-01]
 [2.12384259e-01 2.88317256e-01 2.30087704e-01 2.33296317e-01
  7.04806968e-01 3.82216015e-02]
 [5.85937500e-01 7.05251876e-01 3.02398425e-01 3.75717194e-01
  6.98999892e-01 2.62523277e-01]
 [3.79918981e-01 5.48588782e-01 2.84410238e-01 2.59207847e-01
  7.13625121e-01 6.38733706e-02]
 [2.45659722e-01 4.02286531e-01 1.87936281e-01 2.06274292e-01
  6.37810517e-01 2.80959032e-02]
 [2.38040123e-01 2.78849589e-01 3.78557365e-01 2.62724412e-01
  9.59242929e-02 7.93761639e-02]
 [5.72916667e-02 2.41872097e-01 1.96885627e-01 1.08550805e-01
  6.68674051e-01 4.06657356e-02]
 [3.92071759e-01 3.76920329e-01 5.19778056e-01 3.59800111e-01
  1.33132595e-01 1.22788641e-01]
 [3.64101080e-01 3.61914970e-01 4.30642563e-01 3.40736628e-01
  4.73706850e-01 1.22160149e-01]
 [3.08159722e-01 3.82100750e-01 5.87524611e-01 2.76605589e-01
  4.67899774e-01 1.42690875e-01]
 [3.40470679e-01 5.22329403e-01 2.87900483e-01 2.34869517e-01
  5.97806216e-01 1.94366853e-02]
 [3.96508488e-01 2.45444802e-01 3.37390371e-01 4.32167314e-01
  2.98096570e-01 1.23836127e-01]
 [1.24517747e-01 2.96713112e-01 9.86218006e-02 1.44641866e-01
  4.76717927e-01 3.63594041e-02]
 [5.12152778e-01 5.44658807e-01 2.39842491e-01 3.88025171e-01
  3.06914722e-01 1.11196462e-01]
 [4.69714506e-01 3.65487674e-01 4.35743691e-01 4.40310938e-01
  4.85321002e-01 1.02956238e-01]
 [2.08912037e-01 3.07967131e-01 3.57973868e-01 2.19785304e-01
  5.94795139e-01 2.48137803e-02]
 [2.38811728e-01 2.36334405e-01 1.51243959e-01 2.85674625e-01
  5.16937305e-01 2.32774674e-02]
 [2.98996914e-01 4.11575563e-01 2.58099159e-01 2.52544882e-01
  4.70265620e-01 3.74301676e-02]
 [1.95601852e-01 2.35262594e-01 3.05172722e-01 2.44678882e-01
  6.48134208e-01 3.14478585e-02]
 [1.64448302e-01 4.68202930e-01 1.87936281e-01 9.41143809e-02
  5.88988063e-01 1.89478585e-02]
 [2.20389660e-01 3.51196856e-01 3.38911759e-01 2.08310198e-01
  6.05656522e-01 2.70018622e-02]
 [5.56809414e-01 5.29296177e-01 6.54555217e-01 4.38922821e-01
  5.86837294e-01 2.13268156e-01]
 [2.75848765e-01 2.91175420e-01 3.04277788e-01 2.92707755e-01
  5.69523605e-01 4.49255121e-02]
 [1.21045525e-01 3.57091819e-01 1.52138894e-01 1.09938923e-01
  5.70814066e-01 2.90735568e-02]
 [6.68692130e-01 9.48553055e-01 4.02720601e-01 3.29076439e-01
  2.86052264e-01 2.05633147e-01]
 [3.32561728e-01 4.84994641e-01 4.52299982e-01 2.46714788e-01
  5.07043768e-01 2.69832402e-01]
 [2.28395062e-01 4.16041443e-01 1.25290854e-01 1.82491209e-01
  5.52317453e-01 3.01908752e-02]
 [1.85378086e-01 3.09217578e-01 1.34598174e-01 1.96557468e-01
  5.07473922e-01 8.84543762e-04]
 [4.32581019e-01 7.87245445e-01 6.31286916e-01 1.86192856e-01
  5.92321755e-01 1.83496276e-01]
 [2.44791667e-01 3.58520900e-01 1.87936281e-01 2.28021470e-01
  6.09097752e-01 5.81703911e-02]
 [4.42997685e-01 4.55519829e-01 3.31125828e-01 3.67943735e-01
  4.74567158e-01 2.80959032e-02]
 [5.55073302e-01 4.79099678e-01 5.64793270e-01 4.63261151e-01
  5.95762985e-01 1.87011173e-01]
 [2.37268519e-01 4.78563773e-01 2.05834974e-01 1.58708125e-01
  5.61995914e-01 3.10754190e-02]
 [4.44347994e-01 5.29296177e-01 6.89099696e-01 3.31019804e-01
  7.27605119e-01 1.57960894e-01]
 [1.87403549e-01 4.52125759e-01 1.76928584e-01 1.24467888e-01
  5.02419615e-01 3.30307263e-02]
 [7.93788580e-02 1.53804930e-01 1.64578486e-01 1.75365538e-01
  6.26088827e-01 1.79003724e-02]
 [5.04822531e-01 5.13219007e-01 4.11669948e-01 3.97371830e-01
  5.21023766e-01 8.94785847e-02]
 [4.91608796e-01 6.59163987e-01 5.68104528e-01 3.09087544e-01
  4.35853318e-01 2.16829609e-01]
 [8.19830247e-02 2.51161129e-01 2.59531054e-01 1.27429206e-01
  5.79739757e-01 1.62476723e-02]
 [1.76311728e-01 3.70132190e-01 1.63236084e-01 1.56302054e-01
  6.62866975e-01 1.73649907e-02]
 [2.93113426e-01 3.73883530e-01 2.77340254e-01 2.66426060e-01
  3.40251640e-01 8.57309125e-02]]

Iteração: 20 :::::::::::::::::
