Dados de Treino. K usado: 14

[[0.1956983  0.26705966 0.13459817 0.22839163 0.48822454 0.03051676]
 [0.35570988 0.51982851 0.22919277 0.25087914 0.30745241 0.02516294]
 [0.14506173 0.22043587 0.25836764 0.20377568 0.35778041 0.09013035]
 ...
 [0.51437114 0.59449804 0.50698049 0.36433463 0.521669   0.16936685]
 [0.22791281 0.23258307 0.34902452 0.27716084 0.43854178 0.08472998]
 [0.34403935 0.35994998 0.44746733 0.32250602 0.55597376 0.02877095]]
Dados de Teste. K usado: 14

[[2.92245370e-01 4.64272955e-01 2.64721675e-01 2.18674810e-01
  7.43198193e-01 2.14152700e-02]
 [2.68036265e-01 2.83315470e-01 2.60425989e-01 2.89376272e-01
  5.84148833e-01 8.41247672e-02]
 [2.13927469e-01 5.14112183e-01 1.98496510e-01 1.17804923e-01
  5.08656845e-01 4.08286778e-02]
 [2.77777778e-01 2.21864952e-01 3.49024521e-01 3.30557098e-01
  6.11786214e-01 2.42783985e-02]
 [4.61612654e-01 4.94283673e-01 3.88222660e-01 3.65630205e-01
  5.39090225e-01 1.99301676e-01]
 [2.69965278e-01 3.30296534e-01 2.59531054e-01 2.66888766e-01
  5.60597914e-01 2.60940410e-02]
 [2.77488426e-01 4.93211861e-01 2.52371577e-01 1.89616880e-01
  5.92859447e-01 3.14013035e-02]
 [3.23881173e-01 2.54912469e-01 3.69965992e-01 3.57486582e-01
  5.92429293e-01 3.32867784e-02]
 [2.11323302e-01 2.18649518e-01 3.85358869e-01 2.68369424e-01
  2.72717497e-01 1.02188082e-01]
 [4.97106481e-01 4.98928189e-01 4.51315554e-01 3.97371830e-01
  4.81127003e-01 8.84310987e-02]
 [6.14197531e-01 5.21436227e-01 6.85161983e-01 4.98149176e-01
  3.27131950e-01 3.28212291e-02]
 [3.67573302e-01 3.76027153e-01 2.67585466e-01 3.36757357e-01
  4.87256694e-01 3.95949721e-02]
 [5.73784722e-01 8.79599857e-01 5.79470199e-01 2.73736813e-01
  3.77029788e-01 1.25581937e-01]
 [9.21103395e-02 4.64272955e-01 5.99606229e-02 2.67444013e-02
  7.25454350e-01 2.51396648e-02]
 [2.93113426e-01 3.73883530e-01 2.77340254e-01 2.66426060e-01
  3.40251640e-01 8.57309125e-02]
 [1.13329475e-01 1.97034655e-01 9.58475031e-02 1.85545068e-01
  9.43864932e-01 1.03980447e-01]
 [5.27295525e-01 4.60700250e-01 4.26346877e-01 4.46141033e-01
  2.08517045e-01 1.28561453e-01]
 [4.92766204e-01 4.16041443e-01 3.20207625e-01 4.36146585e-01
  4.36713625e-01 1.18365922e-01]
 [2.30902778e-01 3.56913183e-01 1.83103633e-01 2.15528410e-01
  5.27476073e-01 3.29376164e-02]
 [1.15547840e-01 2.34190782e-01 3.26203687e-01 1.68424949e-01
  6.67060974e-01 4.05027933e-02]
 [6.35416667e-01 7.49196141e-01 5.67567568e-01 4.00333148e-01
  4.90805463e-01 1.60893855e-01]
 [3.99209105e-01 3.78885316e-01 3.93771255e-01 3.65630205e-01
  5.75868373e-01 8.61964618e-02]
 [2.83179012e-01 4.76062880e-01 2.68480401e-01 2.04053304e-01
  5.65329605e-01 1.06168529e-01]
 [4.82253086e-01 5.08931761e-01 6.17146948e-01 3.77938182e-01
  5.79094526e-01 5.00232775e-02]
 [2.81057099e-01 4.82136477e-01 1.78986934e-01 1.98778456e-01
  4.92526078e-01 3.40316574e-02]
 [5.77642747e-01 8.09217578e-01 3.03114373e-01 3.13899685e-01
  5.59307452e-01 1.70041899e-01]
 [9.90547840e-02 3.64951768e-01 5.58439234e-02 8.48602628e-02
  6.02215292e-01 2.61638734e-02]
 [3.40470679e-01 5.22329403e-01 2.87900483e-01 2.34869517e-01
  5.97806216e-01 1.94366853e-02]
 [2.19425154e-01 2.16863165e-01 3.71397888e-01 2.77160837e-01
  7.20830197e-01 7.19506518e-02]
 [1.70138889e-01 3.58699536e-01 2.56756757e-01 1.56302054e-01
  5.90601140e-01 5.66806331e-02]
 [3.55709877e-01 6.05394784e-01 3.36584929e-01 2.06551916e-01
  4.77793311e-01 4.30633147e-02]
 [4.77430556e-01 4.62486602e-01 4.48809737e-01 3.97371830e-01
  2.77664265e-01 1.87639665e-01]
 [4.16184414e-01 5.57341908e-01 2.71254698e-01 2.89376272e-01
  3.41864717e-01 5.18389199e-02]
 [2.32060185e-01 6.48624509e-01 1.97780562e-01 6.55191560e-02
  6.25981288e-01 3.91061453e-02]
 [4.34413580e-01 5.43944266e-01 2.65795597e-01 3.13899685e-01
  5.35326379e-01 8.92458101e-02]
 [4.83796296e-01 8.66023580e-01 7.09504206e-01 1.94429021e-01
  6.68781589e-01 2.61359404e-01]
 [3.74807099e-01 2.92783137e-01 3.91444425e-01 3.86914677e-01
  2.65189805e-01 1.41433892e-01]
 [2.51253858e-01 4.24437299e-01 5.73563630e-01 2.00074033e-01
  7.19324659e-01 1.53631285e-01]
 [5.52179784e-01 7.29903537e-01 5.76516914e-01 3.30557098e-01
  4.34347779e-01 1.41364060e-01]
 [3.08159722e-01 3.82100750e-01 5.87524611e-01 2.76605589e-01
  4.67899774e-01 1.42690875e-01]
 [3.64679784e-01 4.03894248e-01 4.39591910e-01 3.19544697e-01
  7.77287880e-01 4.04096834e-02]
 [1.85378086e-01 3.09217578e-01 1.34598174e-01 1.96557468e-01
  5.07473922e-01 8.84543762e-04]
 [5.70408951e-01 4.43551268e-01 7.76266333e-01 4.96390894e-01
  4.36391010e-01 1.62802607e-01]
 [2.31577932e-01 6.39514112e-02 2.50581708e-01 3.67943735e-01
  6.63727283e-01 6.44785847e-03]
 [4.42997685e-01 4.55519829e-01 3.31125828e-01 3.67943735e-01
  4.74567158e-01 2.80959032e-02]
 [3.97955247e-01 4.28545909e-01 4.12922857e-01 3.38700722e-01
  4.41337778e-01 1.02932961e-01]
 [5.70987654e-01 3.99964273e-01 5.16108824e-01 5.19526189e-01
  5.84363910e-01 2.02700186e-01]
 [9.38464506e-02 1.36834584e-01 2.63647754e-01 1.98038127e-01
  6.11248521e-01 2.19506518e-02]
 [8.30439815e-02 1.63987138e-01 1.38714874e-01 1.73514714e-01
  6.13614367e-01 2.46741155e-02]
 [7.41705247e-02 2.07574134e-01 2.02613209e-01 1.42513418e-01
  5.79309603e-01 2.52793296e-02]
 [1.50270062e-01 3.35834227e-01 1.44263469e-01 1.49083842e-01
  5.00161308e-01 2.28584730e-02]
 [9.65470679e-02 1.02536620e-01 1.75675676e-01 2.18397187e-01
  7.08248199e-01 2.08798883e-02]
 [1.80941358e-01 2.99571275e-01 2.74118489e-01 1.97390339e-01
  6.45230670e-01 1.12709497e-01]
 [5.81790123e-01 8.36906038e-01 4.21872203e-01 3.03535073e-01
  2.93795032e-01 1.55516760e-01]
 [2.08236883e-01 3.32976063e-01 2.23733667e-01 2.06274292e-01
  5.10054845e-01 7.62104283e-02]
 [3.00443673e-01 5.49124687e-01 2.95328441e-01 1.82676291e-01
  5.02527153e-01 3.91759777e-02]
 [2.38811728e-01 2.36334405e-01 1.51243959e-01 2.85674625e-01
  5.16937305e-01 2.32774674e-02]
 [2.88194444e-01 4.08181493e-01 4.32074459e-01 2.43938553e-01
  4.72523927e-01 2.03212291e-02]
 [6.06288580e-01 5.82886745e-01 4.92393055e-01 4.58726633e-01
  4.45209162e-01 3.98510242e-02]
 [1.76890432e-01 5.06252233e-01 1.56345087e-01 8.63409217e-02
  4.69943005e-01 2.50931099e-02]
 [3.87152778e-01 5.87352626e-01 2.99803114e-01 2.46067000e-01
  5.49951608e-01 2.38826816e-02]
 [5.72916667e-02 2.41872097e-01 1.96885627e-01 1.08550805e-01
  6.68674051e-01 4.06657356e-02]]

Iteração: 5 :::::::::::::::::
